    [25.83, 26.04, 26.02, 25.11, 28.4, 23.38, 22.11, 26.23, 21.75, 22.11, 26.44, 26.55, 27.28, 28.75, 27.28, 26.55, 27.19, 22.47, 19.38, 25.85, 19.55, 17.55, 22.65, 14.19],
    [14.19, 22.14, 13.83, 13.83, 22.56, 16.47, 19.38, 27.13, 24.11, 26.64, 32.14, 33.64, 34, 34.85, 35.64, 35.28, 34.74, 35.28, 36, 36.85, 36.36, 37.36, 37.74, 37],
    [37, 37.58, 38.64, 39, 39.74, 39, 39.36, 40.95, 41, 41, 42.07, 42.52, 42.52, 41.41, 40.52, 40.71, 41.76, 39.19, 39.93, 39.81, 38.41, 37.93, 37.53, 36.41],
    [36.41, 36.27, 35.89, 36.23, 36.82, 36.41, 35.89, 36.95, 36.41, 36.41, 36.82, 36.89, 37.19, 37.81, 37.19, 36.6, 36.02, 36.56, 37.56, 38.95, 38.89, 38.71, 37.9, 36.08],
    [33.41, 33.88, 37.56, 37.56, 38.32, 39.08, 39.37, 39.89, 39.37, 39.37, 39.9, 38.89, 37.37, 36.98, 36.19, 36.71, 36.91, 36.71, 36.71, 37.81, 36.41, 35.23, 35.12, 35.71],
    [35.41, 34.5, 33.89, 33.6, 33.82, 31.6, 30.08, 31.98, 30.9, 27.3, 31.22, 28.82, 30.82, 33.07, 32.66, 32.66, 31.04, 30.85, 29.33, 29.16, 29.71, 31.52, 32.31, 33.23],
    [33.71, 32.5, 32.19, 30.66, 30.06, 28.66, 28.19, 28.03, 27.19, 25.37, 25.76, 26.71, 26.71, 26.98, 26.71, 25.93, 27.36, 26.45, 26.45, 28.23, 27.41, 29.71, 30.87, 31.23],
    [30.86, 28.92, 30, 28.19, 27.41, 25.16, 23.53, 25.72, 23.05, 21.5, 24.66, 23.64, 23.34, 24.95, 23.37, 20.3, 22.81, 20.12, 20.3, 22.59, 19.23, 18.67, 20.84, 18.15],
    [18.93, 22.18, 21.56, 20.97, 24.22, 22.97, 24.04, 24.73, 23.9, 26.3, 27.67, 28.37, 28.85, 30.89, 30.37, 30, 29.07, 28.19, 26.54, 27.81, 25.08, 24.71, 25.16, 23],
    [22.71, 23.76, 22.89, 24.15, 24.04, 20.04, 19.33, 18.84, 19.19, 18.41, 20.42, 20.04, 19.75, 20.81, 18.6, 18.41, 20.23, 18.41, 18.41, 21.61, 20.04, 21.75, 24.12, 22.52],
    [24.04, 27.17, 23.93, 24.41, 27.33, 25.93, 25.56, 26.56, 25.05, 25.75, 26.68, 26.23, 26.23, 27.04, 26.93, 26.12, 27.53, 27.52, 28.29, 30.97, 31.71, 33.71, 33.91, 33.71],
    [33.89, 35.21, 35.71, 35.89, 36.91, 37.19, 38.52, 38.95, 38.71, 39.75, 40.15, 39.48, 39.19, 38.54, 37.66, 36.19, 35.82, 33.6, 33.12, 33.58, 33.41, 34.45, 34.98, 35.41],
    [35.71, 34.73, 35.41, 35.89, 36.12, 37.19, 36.89, 37.03, 37.66, 38.71, 39.28, 40.23, 42.04, 41.32, 35.81, 33.23, 33.15, 33.71, 32.19, 32.77, 31.52, 31.52, 32.92, 32.56],
    [33.04, 32.65, 32.56, 33.04, 33.8, 33.52, 33.52, 32.94, 32.19, 31.71, 31.21, 32.19, 32.66, 31.14, 32.48, 31.14, 28.9, 28, 27.19, 27.03, 27.19, 27.71, 28.06, 28.19],
    [28.19, 28.07, 27.19, 27.71, 29.15, 29.89, 29.89, 29.72, 28.19, 28.19, 29.21, 29.71, 31.23, 31.12, 30.48, 30.19, 29.21, 29.71, 29.39, 29.03, 29, 28.39, 28.06, 28],
    [27.39, 26.91, 26.39, 27.39, 27.81, 27.77, 27.19, 26.9, 24.89, 23.37, 26.07, 27.52, 29.52, 29.95, 28.66, 28.19, 28.76, 26.89, 25.26, 27.85, 24.3, 22.12, 26.36, 22.49],
    [22.97, 27.95, 24.49, 25.27, 28.03, 25.75, 25.45, 28.61, 27.23, 27.71, 29.77, 29.52, 31.04, 31.92, 31.81, 32, 33.01, 33.34, 33.52, 34.71, 33.34, 33.34, 34.51, 33.04],
    [33.34, 34.47, 33.04, 32.61, 35.12, 33.63, 33.63, 34.83, 34, 34, 34.76, 34.19, 34.19, 33.57, 32.66, 31.89, 32.92, 33.04, 33.23, 33.86, 31.71, 33.04, 33.71, 33.04],
    [33.04, 34.47, 33.71, 33.52, 33.86, 33.71, 32.19, 32.03, 31.71, 31.71, 32.62, 31.89, 32, 32.83, 33.23, 33.41, 33.88, 34.08, 34.08, 35.07, 35.41, 34.19, 33.97, 33.89],
    [33.89, 32.28, 33.71, 35.23, 35.07, 35.23, 33.71, 33.86, 31.71, 31.41, 33.07, 33.71, 34.93, 34.99, 35.41, 35.23, 34.62, 33.71, 33.52, 34.74, 33.23, 33.23, 32.85, 32.19],
    [31.14, 29.12, 28.85, 27.66, 27.11, 26.14, 25.37, 23.97, 23.66, 24.71, 25.53, 24.89, 25.19, 26.4, 26.23, 26.52, 27.62, 26.71, 25.37, 25.81, 24.71, 24.41, 23.76, 22.89],
    [22.71, 24.56, 22.52, 22.52, 22.44, 21.11, 21, 21.36, 19.37, 19.56, 21.47, 22.52, 25.66, 28.1, 30.26, 31.41, 31.18, 31.78, 32.08, 32.87, 32.26, 32.66, 33.55, 33.41],
    [33.71, 32.94, 35.12, 33.89, 33.12, 32.08, 32.08, 32.43, 33.12, 32.37, 32.08, 31.81, 32.56, 32.74, 32.75, 31.89, 31.86, 31.52, 31.52, 31.98, 31.71, 32.19, 30.9, 30.37],
    [28.85, 27.96, 27.37, 27.37, 27.11, 27.19, 26.89, 26.95, 27, 27.19, 26.26, 27.71, 27.19, 28.03, 28.19, 28.19, 28.76, 28.19, 28.19, 28.03, 28.19, 28.19, 28.06, 28.19],
    [27.66, 27.59, 27.37, 28.19, 28.06, 27.37, 27.66, 26.21, 26.89, 27.19, 27.11, 27.71, 27.89, 28.86, 29.23, 28.19, 27.97, 27.3, 27.89, 27.08, 27.08, 26.3, 24, 19.42],
    [21.34, 24.12, 22.23, 24.04, 24.8, 24.52, 24.52, 24.92, 24.52, 24.71, 24.91, 25, 26.23, 26.09, 26.71, 25.66, 25.22, 24.41, 25.56, 25.83, 26.52, 26.52, 26.91, 26.71],
    [26.71, 28.22, 28, 28.26, 28.81, 29.23, 29.23, 29.86, 29.41, 29.97, 30.73, 30.37, 30.08, 30.87, 31.41, 31.23, 30.73, 30.56, 30.08, 30.16, 30.08, 27.34, 28.86, 28.74],
    [28.56, 29.66, 29.89, 29.89, 29.97, 30.08, 30.66, 31.07, 30.37, 30.19, 29.97, 28.66, 28.19, 28.86, 27.89, 27.89, 27.81, 27.08, 27.6, 27.98, 27.89, 27.89, 27.97, 27.49],
    [26.9, 28.73, 28.08, 27.78, 28.46, 27.19, 27.49, 28.74, 26.9, 27.49, 29.12, 28.37, 28.19, 28.86, 28.19, 28.19, 27.97, 27.89, 28.08, 28.82, 27.08, 28.56, 29.79, 28.26],
    [27.97, 27.3, 26.49, 25.61, 27.22, 25.02, 24.79, 27.21, 20.49, 20.95, 28.14, 26.54, 31.12, 31.3, 30.08, 29.04, 28.77, 23.16, 22.28, 26.57, 20.25, 18.73, 23.25, 17.1],
    [16.99, 22.86, 15.06, 13.95, 20.79, 10.65, 9.13, 21.82, 11.02, 13.61, 24.4, 25.16, 25.68, 30.51, 31.12, 29.78, 28.63, 22.61, 19.35, 26.14, 14.83, 13.98, 22.46, 11.24],
    [10.94, 19.51, 14.12, 14.53, 18.76, 12.68, 12.68, 20.14, 10.31, 11.05, 22.77, 22.27, 25.43, 29.57, 29.6, 28.08, 27.39, 22.5, 24.13, 27.04, 21.46, 17.79, 22.66, 18.42],
    [18.53, 19.55, 14.09, 12.57, 17.9, 9.34, 9.9, 17.88, 9.31, 12.8, 21.23, 21.79, 24.12, 24.04, 22.71, 22.71, 21.76, 20.89, 20.41, 20.3, 17.3, 16.23, 17.91, 14.74],
    [12.45, 11.57, 11.3, 8.12, 9.88, 5.06, 4.47, 7.42, 4.77, 5.88, 10.81, 12.19, 13.71, 16.76, 16.19, 15.71, 14.73, 12.26, 10.01, 11.23, 10.37, 10.08, 8.97, 7.37],
    [7.19, 5.96, 8.23, 8.41, 9.58, 7.85, 9.37, 8.16, 9.19, 10.19, 10.96, 12.19, 11.89, 12.77, 12.19, 12.19, 12.44, 10.23, 9.75, 10.45, 8.31, 5.83, 6.99, 4.27],
    [4.16, 5.06, 5.63, 4.08, 5.21, 2.36, 1.43, 5.05, 3.97, 4.27, 7.07, 7.71, 10.64, 12.67, 13.3, 9.61, 11.9, 4.13, 2.88, 8.14, -1.61, -2.02, 5.33, -3.43],
    [-3.98, 5.79, -1.83, -6.84, 2.52, -4.35, -4.05, 2.3, -4.68, 0.32, 11.22, 12.08, 14.56, 17.95, 18.41, 18.71, 18.97, 18.89, 19.37, 19.92, 19.56, 19.08, 18.73, 17.6],
    [17.12, 16.28, 15.6, 15.89, 15.91, 15.23, 15.23, 15.04, 15.52, 16.75, 18.77, 19.75, 20.71, 22.04, 21.19, 20.89, 19.81, 18.6, 17.6, 17.86, 17.23, 16.75, 17.57, 17.04],
    [16.93, 17.32, 14.93, 16.64, 17.54, 17.38, 17.67, 18.77, 19.08, 19.56, 21.87, 22.23, 24.34, 25.97, 26.23, 26.23, 26.86, 26.71, 25.66, 23.94, 22.23, 19.29, 20.2, 15.79],
    [15.6, 17.06, 11.72, 9.61, 16.3, 15.12, 16.93, 18.86, 18.41, 19.75, 21.92, 24.52, 25, 24.98, 24.89, 25, 25.31, 25, 23.48, 21.03, 19.66, 18.19, 17.21, 16.66],
    [16.37, 14.19, 15.33, 15.14, 14.34, 15.33, 16.37, 16.97, 16.56, 18.08, 19.78, 20.78, 21.85, 23.03, 23.19, 23.19, 22.21, 21.19, 19.08, 16.92, 9.61, 6.54, 13.26, 3.06],
    [0.31, 12.75, 0.31, -1.87, 8.47, -1.84, -2.32, 6.99, -5.68, 1.72, 11.33, 9.72, 17.15, 19.61, 20.71, 20.23, 19.39, 12.5, 10.09, 17.59, 12.1, 15.68, 19.06, 17.96],
    [19.56, 21.55, 20.04, 20.23, 21.56, 21.75, 22.23, 22.86, 23.27, 23.75, 24.07, 24.89, 26.23, 26.92, 26.52, 26.52, 26.86, 26.23, 26.41, 26.12, 26.71, 26.71, 26.91, 26.71],
    [26.71, 25.52, 26.71, 26.71, 26.91, 26.71, 26.52, 26.95, 24.71, 26.23, 27.91, 29.41, 30.93, 32.9, 32.93, 33.41, 32.67, 29.6, 28.05, 30.51, 27.6, 26.3, 27.5, 23.56],
    [21.15, 25.45, 19.04, 16.12, 20.64, 11.61, 11.01, 18.32, 9.31, 13.91, 21.55, 21.79, 26.26, 28.68, 28.19, 27.34, 29.21, 27.63, 27.34, 28.74, 26.71, 23.71, 25.06, 18.05],
    [17.57, 25.71, 22.76, 25.93, 26.91, 27.71, 28.19, 28.86, 29.23, 29.71, 31.07, 31.71, 33.23, 33.04, 32.93, 31.71, 31.91, 31.52, 31.71, 31.77, 30.19, 30.19, 30.06, 30.19],
    [30.19, 30.21, 29.71, 29.89, 30, 30.19, 28.96, 28.97, 28.66, 30, 30.76, 29.33, 28.56, 28.03, 27.37, 26.89, 26.97, 26.71, 26.41, 26.9, 26.71, 26.89, 26.97, 26.71],
    [26.41, 26.59, 23.56, 22.22, 21.47, 17.59, 14.66, 16.22, 11.05, 15.56, 20.06, 21.86, 25.08, 27.26, 26.71, 26.52, 26.91, 27.89, 28.37, 28.97, 30.19, 30.19, 30.06, 30.19],
    [29.89, 27.44, 29.89, 29.71, 29.91, 29.71, 29.71, 29.95, 29.71, 28.37, 28.81, 29.23, 29.41, 31.81, 30.26, 31.89, 31.34, 24.72, 21.12, 28.12, 17.76, 15.83, 24.03, 13.13],
    [11.31, 24.95, 10.65, 9.61, 21.08, 14.05, 20.92, 25.74, 27.37, 29.14, 32.06, 33.71, 35.04, 34.54, 33.71, 35.04, 35.15, 35.52, 35.23, 33.92, 33.52, 33.52, 33.86, 33.71],
    [35.71, 33.97, 35.71, 35.81, 36.86, 36.71, 36.19, 36, 36, 35.71, 36.86, 36.52, 36.52, 36.92, 36.71, 36.71, 36.8, 35.23, 33.71, 33.95, 33.52, 31.89, 32.7, 30.19],
    [29.71, 29.38, 27.89, 26.89, 25.81, 24.71, 23.64, 24.03, 23.16, 25.45, 27.82, 29.71, 31.41, 33.07, 35.23, 35.52, 35.07, 33.71, 35.23, 35.12, 35.52, 35.52, 35.15, 33.89],
    [32.37, 31.99, 33.52, 33.71, 33.91, 34, 35.04, 35.09, 36.23, 36.52, 38.07, 38.89, 39.19, 40.95, 40.89, 41.19, 40.66, 37.66, 36.48, 38.68, 33.89, 31.16, 31.55, 26.01],
    [25.31, 28.63, 21.86, 20.42, 26.21, 20.35, 24.87, 31.93, 33.23, 33.23, 34.36, 36.34, 36.81, 38.83, 40.52, 42.23, 41.67, 40.71, 40.04, 40.39, 38.81, 38.52, 39.71, 38],
    [37.61, 37.94, 37, 36.61, 36.86, 35.39, 34.96, 33.16, 35.23, 35.89, 37, 38.71, 40.89, 41.71, 43.19, 44.41, 43.81, 42.89, 41.48, 41.91, 40.15, 38.52, 38.59, 37.82],
    [37.08, 37.69, 36.6, 36.41, 35.97, 35.89, 36.19, 35.95, 37, 38.71, 39.14, 41.93, 44.71, 44.29, 45.66, 45.37, 44.97, 41.85, 41.37, 40.64, 38.89, 38.6, 37.97, 36.77],
    [36.16, 36.82, 34.77, 35.16, 35.97, 35.77, 38, 38.03, 37.66, 38.89, 38.97, 37.56, 37.19, 35.93, 34.19, 35.23, 33.91, 32.19, 31.71, 31.5, 31.71, 31.52, 30.85, 30.19],
    [29.71, 28.83, 29.71, 28.19, 28.62, 27.19, 26.71, 26.86, 27.23, 27.71, 29.07, 31.23, 33.04, 33.12, 34, 34.19, 33.21, 32.19, 29.52, 29.68, 27.19, 25.75, 27.55, 23.05],
    [22.27, 27.04, 20.94, 19.49, 22.3, 17.45, 17.08, 21.82, 20.83, 25.93, 29.8, 32.96, 34.67, 35.47, 34.86, 34.86, 33.8, 31.71, 31.71, 32.39, 32.19, 33.71, 33.91, 33.71],
    [33.71, 33.38, 32.19, 32, 32, 32.19, 33.52, 33.95, 34, 35.23, 36.01, 36.81, 39, 40.12, 42.52, 45, 45.7, 43.19, 41.93, 43.43, 38.92, 38.71, 39.13, 36.26],
    [33.83, 34.59, 32.2, 31.75, 34.26, 27.67, 28.71, 34.77, 33.27, 36.45, 42.74, 46.96, 50.48, 52.47, 50.96, 50.96, 49.83, 46.26, 39.05, 43.3, 34.71, 32.71, 39.19, 32.53],
    [31.01, 38.41, 32.53, 32.34, 38.88, 34.16, 36.52, 38.38, 37.48, 38.23, 39, 39.48, 41.19, 41.14, 41.66, 41.37, 42.24, 41.19, 36.57, 40.05, 34.42, 33.75, 37.66, 34.01],
    [35.57, 38.59, 40.41, 38.14, 38.52, 37.19, 35.89, 36.45, 37.19, 37.37, 38.97, 40.41, 42.52, 44.04, 44.52, 44.71, 43.81, 41.37, 40.71, 40.63, 37.56, 36.89, 36.76, 35.71],
    [33.89, 32.13, 31.71, 30.19, 31.29, 29.12, 28.08, 29.68, 30.93, 33.23, 35.21, 37, 38.71, 39.03, 40.52, 40.52, 38.35, 37.19, 33.01, 32.43, 27.75, 25.57, 28, 24.46],
    [23.05, 24.67, 20.75, 22.86, 24.1, 24.44, 23.11, 23.81, 23.11, 25.29, 27.79, 29.07, 29.81, 33.98, 35.52, 35.23, 35.41, 30.96, 27.3, 29.92, 24.12, 22.12, 26.69, 19.08],
    [18.78, 24.88, 17.01, 17.12, 21.73, 15.01, 15.01, 21.71, 21.05, 26.71, 30.62, 31.89, 33.52, 33.86, 34, 33.81, 32, 31.23, 27.71, 28.41, 23.53, 21.82, 25.48, 18.01],
    [17.19, 23.71, 15.19, 15.01, 20.54, 13.49, 13.75, 20.65, 21.71, 27.04, 30.31, 32.75, 33.52, 34.56, 35.44, 35.26, 34.11, 31.23, 29.23, 29.48, 25.27, 22.86, 26.11, 19.64],
    [19.05, 26.34, 20.2, 19.61, 25.9, 21.24, 21.13, 26.38, 27.12, 29.89, 31.8, 32.56, 32.86, 34.68, 33.04, 33.04, 31.91, 31.52, 31.52, 30.86, 30.19, 30.48, 31.15, 31.52],
    [31.52, 31, 30.19, 30.19, 30.76, 30.19, 30.19, 30.86, 31.52, 31.52, 32.92, 33.04, 33.34, 33.09, 33.52, 33.52, 33.07, 32, 31.23, 32.23, 30.93, 31.41, 32.06, 33.39],
    [33.39, 32.86, 32.39, 32, 32.86, 32.19, 32.19, 32.95, 33.23, 34.19, 36.56, 36.15, 36.34, 38.01, 38.34, 40.15, 41.45, 40.52, 40.71, 42.06, 42.34, 42.04, 40.89, 40.15],
    [40.44, 40.12, 41.19, 41.19, 41.06, 41.19, 40.71, 40.09, 40.81, 40.52, 41.06, 41.48, 41.66, 42.17, 44.52, 45.71, 45.35, 45.19, 44.34, 42.16, 38.62, 36.19, 35.86, 35.71],
    [36, 36.99, 35.71, 35.41, 34.76, 34.19, 33.89, 34.83, 35.41, 36.23, 39.22, 40.41, 40.89, 42.95, 44.52, 45.19, 44.51, 44.12, 39.93, 41.19, 37.93, 38.41, 40.54, 39.82],
    [40.3, 43.42, 41.66, 42.71, 41.5, 38.52, 39.37, 40.98, 41.93, 46.75, 49.74, 49.89, 51.41, 51.98, 53.23, 53.71, 53.26, 52.37, 49.89, 48.07, 42.64, 45.12, 46.7, 46.93],
    [48.11, 45.89, 47.14, 45.37, 44.3, 43.96, 43.66, 44.29, 47.14, 49.04, 49.15, 50.85, 51.6, 52.12, 48.47, 46.37, 44.21, 43.19, 40.89, 39.71, 37.37, 36.19, 36.63, 35.23],
    [33.89, 34.87, 32.75, 31.23, 32.13, 29.23, 29.34, 31.85, 33.71, 35.23, 36.21, 37.93, 38.71, 38.98, 39.19, 40.23, 40.15, 39.19, 37.56, 36.86, 30.16, 31.49, 36.21, 32.27],
    [34.56, 36.4, 34.75, 35.23, 35.79, 29.97, 30.64, 35.46, 37.67, 42.52, 45.06, 46.7, 47.1, 43.97, 43.93, 42.41, 41.76, 40.71, 40.71, 40.92, 38.89, 37.93, 37.58, 38.3],
    [37.56, 37.87, 37.37, 38.41, 39.06, 39.48, 39.19, 39.86, 39.19, 39.19, 40.21, 41.19, 41.66, 41.12, 42.71, 43.19, 42.21, 41.37, 39.08, 39.62, 36.6, 35.6, 35.81, 33.49],
    [35.08, 38.12, 38.41, 38.41, 38.07, 38.23, 38.52, 38.95, 39.19, 40.52, 41, 41.19, 41.19, 42.01, 42.04, 40.71, 41.62, 41.19, 40.71, 41, 40.89, 40.41, 40.91, 40.64],
    [40.64, 40.25, 40.52, 40.04, 40.71, 39.56, 39.27, 40.75, 40.15, 42.34, 42.89, 44.34, 44.81, 45.9, 46.78, 46.89, 45.83, 44.04, 42.52, 43.48, 39, 38.71, 40.21, 38.52],
    [38.23, 39.01, 37.66, 37.37, 37.52, 35.89, 35.71, 36.81, 34.85, 34.66, 33.91, 32.66, 28.85, 30.15, 36.52, 38.71, 37.9, 37.19, 35.71, 35.95, 35.71, 35.71, 35.21, 35.71],
    [35.71, 35.42, 34.48, 32.75, 31.68, 30.45, 32.75, 33.81, 31.71, 33.52, 35.71, 36, 37, 38.97, 41.11, 41.37, 41.25, 41.66, 40.89, 39.99, 33.64, 32.42, 36.51, 33.46],
    [33.68, 38.99, 35.6, 37.66, 39.62, 39.19, 39.08, 41.5, 45, 47.71, 49.35, 51.89, 54.19, 52.33, 55.79, 58.23, 57.65, 57.56, 53.89, 53.12, 48.6, 44.86, 45.19, 39.49],
    [36.79, 43.95, 35.6, 34.94, 40.3, 34.57, 35.09, 41.76, 44.6, 48.37, 50.31, 54.85, 57.66, 58.34, 60.14, 58.22, 57.31, 57.85, 55.37, 54.77, 51.6, 47.33, 48.66, 47.62],
    [47.22, 46.88, 46.37, 45.85, 45.87, 44.33, 43.56, 45.48, 47.41, 48.37, 49.3, 50.48, 51.89, 51.44, 53.71, 54.41, 53.12, 51.3, 46.38, 42.09, 39.08, 36.71, 38.32, 35.86],
    [35.56, 39.69, 36.04, 35.86, 40.03, 37.45, 37.27, 41.49, 41.96, 45.19, 46.2, 48.56, 50.37, 50.38, 53.41, 53.6, 53.21, 53.41, 52, 50.34, 45.72, 47.52, 48.06, 46.85],
    [30.42, 31.75, 40.22, 34.64, 36.3, 36.46, 30.9, 30.42, 37.43, 41.45, 43.93, 46, 48.19, 48.37, 51.47, 52.48, 52.67, 53.53, 50.3, 50.59, 52.85, 52.86, 52.48, 52.02],
    [50.85, 49.89, 49.21, 48.08, 47.71, 46.81, 46.19, 45.71, 47.04, 49.23, 51.41, 51.52, 53.52, 54, 54.12, 56.23, 55.19, 55.06, 54.71, 53.41, 52.85, 49.12, 48.72, 52.65],
    [50.66, 50.08, 47.98, 43.09, 43.75, 46.18, 43.23, 41.46, 46.05, 48.08, 50.85, 50.96, 52.48, 53.15, 53.98, 50.33, 47.22, 45, 44.23, 44.04, 43.81, 42.71, 40.89, 40.6],
    [39.19, 39, 39.1, 38.52, 38.52, 40.07, 40.71, 40.71, 40.57, 41.37, 43.93, 43.36, 45.34, 43.34, 43.02, 42.07, 41.83, 44.54, 41.19, 39.19, 38.96, 37.86, 36.71, 37.91],
    [34.82, 33.75, 36.16, 33.71, 33.41, 34.35, 32.34, 32.64, 36.25, 35.41, 35.71, 37.25, 39.56, 42.52, 37.59, 40.81, 39.11, 37.51, 37.37, 36.23, 35.95, 36.04, 34.93, 34.62],
    [33.52, 33.52, 31.76, 32.19, 32.19, 32.76, 32, 31.71, 32, 32.19, 32.66, 32.87, 32.37, 32.19, 31.95, 31.71, 33.23, 32.36, 31.71, 31.23, 29.95, 28.19, 26.3, 27.37],
    [21.15, 21.49, 27.21, 23.87, 23.57, 26.75, 26.05, 28.16, 30.96, 33.41, 35.23, 36.91, 38.23, 39.93, 39, 36.66, 36.04, 35.74, 35.23, 33.23, 32.81, 31.71, 31.71, 30.76],
    [29.71, 29.71, 29.71, 30.19, 29.71, 29.21, 28.66, 28.19, 30.36, 30.19, 33.23, 33.21, 34.19, 35.71, 36.94, 36.89, 38.23, 36.76, 32.85, 31.23, 31.34, 29.04, 28.08, 28.12],
    [25.64, 23.64, 26.94, 22.75, 21.12, 25.6, 23.05, 24.57, 27.95, 31.23, 33.23, 33.91, 35.52, 36.23, 38.14, 38.71, 38.71, 38.35, 38.81, 36.04, 35.88, 30.93, 29.71, 31.23],
    [29.41, 29.41, 30.13, 27.6, 26.23, 28.02, 23.79, 25.64, 31.45, 34.75, 36.41, 38.35, 40.71, 41.19, 42.95, 44.23, 44.71, 43.51, 44.52, 41.45, 39.9, 33.01, 33.12, 35.09],
    [29.47, 26.55, 33.71, 25.47, 24.75, 30.23, 24.38, 29.83, 34.93, 36.64, 39.36, 41.33, 43.36, 46, 46.05, 47.64, 47.64, 46.74, 44.64, 44.28, 43.37, 40.64, 41.92, 41.65],
    [40.28, 39, 37.95, 38.64, 37, 37, 37, 36, 35.05, 34.36, 34, 33.91, 32.72, 32.36, 30.15, 31.64, 31.28, 30.74, 30.92, 30.92, 30.99, 29.64, 29.64, 29.07],
    [29.28, 28, 28.25, 28, 28, 28, 27.64, 28, 30.37, 31.28, 32.92, 34.98, 36.28, 36.28, 36.95, 37, 36.36, 34.51, 36, 34, 31.95, 29.28, 27.64, 28.56],
    [26.64, 24.64, 27.12, 23.19, 21.55, 24.68, 19.19, 24.75, 29.95, 33.64, 36, 37.65, 38.64, 40.28, 40.91, 41, 41.92, 41.98, 40.64, 39, 37.91, 35.19, 31.83, 34.33],
    [27.83, 31.28, 33.01, 26.92, 27.47, 30.93, 27.47, 32.92, 35.41, 37.55, 40.64, 42.49, 42.64, 44.28, 42.95, 42.28, 41, 41.65, 40.64, 38.64, 38.28, 35.64, 35.64, 36],
    [35.64, 36.64, 38.4, 38.28, 38.64, 39.65, 38.64, 40.28, 40.95, 41.92, 42.28, 42.07, 40.64, 38.64, 38.95, 38.64, 38.64, 38.91, 38.64, 38.64, 38.95, 38.64, 39, 39.74],
    [40.28, 40.28, 40.16, 40.64, 40.64, 40.07, 40.28, 39.92, 40.04, 40.64, 42.28, 43.98, 44.28, 45.28, 46.99, 45.28, 45.28, 43.98, 42.64, 42.28, 42.84, 42.28, 41.92, 42.72],
    [41.92, 40.64, 41.67, 38.64, 38.28, 39.28, 39.55, 39.92, 41.37, 42.64, 42.64, 44.07, 44.64, 46.55, 48.19, 51.64, 49.63, 50.33, 49.93, 47.55, 45.87, 43.55, 41.55, 44.02],
    [40.83, 35, 40.79, 35, 35.92, 38.87, 38.01, 38.04, 38.41, 40.23, 40.71, 42.15, 42.52, 42.23, 40.54, 39.19, 39.19, 38.91, 37.19, 36.71, 35.95, 33.28, 33.41, 34.53],
    [33.71, 34.75, 34, 33.23, 32.19, 32.76, 32.19, 32, 32.43, 32, 33.23, 33.15, 33.71, 35.23, 36.45, 37, 40.28, 42.61, 41.59, 40.25, 37.96, 35.64, 32.36, 34.69],
    [29.28, 29.64, 33.78, 27.19, 26.9, 30.94, 30.05, 30.92, 34.27, 34.92, 38.47, 39.75, 45.33, 48.72, 49.09, 46.52, 45.45, 44.68, 42.26, 36.34, 35.92, 35.04, 33.71, 33.86],
    [33.23, 33.04, 32.92, 31.71, 31.41, 31.07, 31.23, 32.75, 33.75, 38.52, 43.56, 45.19, 45.81, 47.34, 47.52, 46.96, 45.44, 43.96, 43.86, 43.96, 43.45, 38.86, 36.78, 38.78],
    [36.19, 34.96, 35.29, 33.33, 32.85, 32.81, 32.19, 33.41, 33.98, 35.41, 37.08, 39.84, 39.56, 38.81, 40.72, 39.96, 40.44, 41.48, 41.19, 39.56, 40.02, 35.75, 36.04, 36.01],
    [33.68, 32.75, 34.05, 29.71, 29.3, 31.46, 30.19, 30.48, 32.77, 33.71, 37.93, 43.02, 44.04, 44.34, 45.68, 44.81, 44.86, 45.54, 44.15, 43.38, 41.69, 37.08, 34.49, 36.49],
    [32.42, 31.09, 35.51, 33.47, 34.23, 35.54, 33.2, 37.08, 38.9, 40.52, 44.44, 46.88, 45.26, 47.93, 47.61, 47.85, 46.96, 46.9, 44.86, 42.34, 41.51, 40.52, 39.48, 39],
    [39.19, 38.71, 38.6, 38.71, 38.71, 38.01, 36.23, 35.52, 35.04, 35.41, 34.48, 34.2, 35.71, 36.71, 37.03, 37.19, 38.52, 38.15, 38.52, 38.52, 38.04, 37.19, 38.23, 37.76],
    [37.19, 37.19, 38.29, 36.23, 35.71, 35.91, 35.52, 35.71, 35.98, 36.66, 37.66, 40.86, 43.27, 43.75, 44.83, 44.96, 45.44, 45.77, 45.15, 44.67, 44.14, 41.08, 38.86, 39.92],
    [40.04, 40.04, 40.86, 40.52, 40.52, 40.15, 40.71, 40.89, 40.21, 40.71, 40.89, 41, 41.48, 42.71, 42.12, 42.89, 42.71, 42.21, 42.71, 42.71, 42.12, 42.52, 41.29, 41],
    [40.81, 40.34, 40.18, 40.34, 40.15, 39.96, 35.17, 39.86, 40.88, 41.86, 42.52, 44.01, 45.71, 48.66, 49.19, 51.44, 50.7, 51.41, 48.48, 46.59, 47.54, 42.94, 40.12, 41.13],
    [38.49, 36.01, 37.13, 33.97, 33.97, 37.62, 34.08, 37.53, 44.09, 44.35, 46.64, 49.86, 51.37, 52.22, 53.87, 54.63, 53.78, 52.93, 51.45, 49.82, 48.53, 42.9, 40.97, 41.07],
    [37.61, 36.27, 39.7, 34.64, 36.64, 38.19, 37.05, 41.93, 46.3, 48.78, 50.89, 51.02, 53.7, 53.29, 52.95, 53.3, 53.01, 52.06, 48.48, 44.86, 44.83, 44.34, 44.52, 43.09],
    [44.04, 43.86, 43.17, 42.34, 42.15, 42.04, 42.34, 42.63, 44.8, 44.04, 44.71, 49.1, 48.3, 51.74, 53.96, 49.26, 47.52, 47.66, 45.71, 45.34, 45.82, 44.96, 44.38, 44.75],
    [44.34, 44.81, 45.91, 44.34, 44.04, 44.41, 44.34, 46.86, 51.6, 52.01, 52.19, 57.79, 55.22, 56.93, 60.36, 58.45, 58.82, 58.92, 58.08, 54.93, 51.12, 51.23, 50.38, 49.77],
    [45.53, 46.59, 48.45, 47.71, 46.48, 46.7, 47.04, 47.71, 50.87, 52.86, 54.52, 56.69, 57.48, 58.26, 58.82, 56.74, 55.96, 56.69, 54.81, 53.44, 53.81, 50.93, 49.41, 50.35],
    [47.3, 47.3, 46.36, 45.3, 44.49, 46.37, 45.41, 46.19, 46.08, 47.89, 50.56, 51.97, 53.71, 53.78, 56.08, 54.07, 54.26, 52.57, 52.67, 50.86, 48.56, 44.86, 42.01, 41.09],
    [36.09, 34.27, 37.09, 32.12, 32.12, 34.23, 32.79, 37.93, 43.69, 47.52, 51.74, 55.43, 55.59, 57.3, 58.26, 57.78, 58, 58.08, 56.63, 54.42, 53.72, 49.15, 44.64, 47.53],
    [40.86, 39.16, 44.32, 40.73, 43.05, 42.82, 43.75, 44.71, 46.41, 47.71, 49.71, 51.6, 52.67, 53.07, 55.55, 53.81, 54.56, 54.61, 52.45, 49.34, 48.87, 42.79, 39.08, 39.84],
    [35.75, 35.79, 39.5, 37.27, 36.34, 39.02, 39.86, 43.86, 48.54, 52.56, 57.3, 59.99, 61.7, 62.81, 64.97, 64.7, 64.89, 63.51, 61.44, 60.21, 55.86, 50.56, 49.12, 47.99],
    [44.23, 42.79, 43.44, 42.13, 42.02, 43.26, 43.75, 45.52, 46.91, 47.89, 49.34, 51.27, 51.26, 52.22, 55.03, 51.49, 49.28, 46.85, 45.15, 45.04, 42.92, 41.75, 41.45, 41.39],
    [39.93, 39.93, 42, 41.27, 41.56, 40.77, 40.71, 42.04, 42.86, 43.86, 46.3, 46.85, 46.96, 48.59, 49.75, 48.11, 47.71, 47.57, 45.15, 45.15, 44.18, 44.52, 44.04, 44.01],
    [44.04, 44.04, 41.92, 42.71, 43.75, 43.92, 36.8, 43.86, 44.81, 46.19, 48.86, 51.35, 53.45, 54.81, 56.57, 53.89, 51.89, 50.87, 48.85, 46.85, 46.86, 45.71, 44.6, 43.35],
    [40.38, 37.82, 38.37, 32.6, 33.75, 37.24, 36.65, 41.45, 43.96, 46.86, 48.96, 52.17, 50.48, 50.96, 54.53, 52.78, 52.67, 53.72, 52.48, 51.44, 50.73, 44.31, 40.09, 43.85],
    [35.01, 32.6, 39.12, 29.01, 27.19, 35.75, 33.24, 42.11, 49.65, 49.15, 52.01, 54.31, 53.81, 55.67, 56.12, 55.48, 53.86, 53.62, 52.3, 50.86, 50, 46.27, 43.08, 43.89],
    [37.98, 35.98, 41.33, 32.53, 31.94, 37.86, 36.65, 42.38, 48.76, 51.26, 53.15, 55.54, 54.92, 54.52, 57.18, 54.64, 54.64, 53.79, 50.96, 49.15, 48.69, 44.93, 43.05, 43.8],
    [40.38, 40.97, 44.62, 42.3, 42.3, 43.58, 44.93, 47.04, 49.01, 52.38, 53.67, 54.52, 53.67, 54.15, 56.54, 53.81, 55.22, 57.93, 55.78, 53.08, 52.51, 50.75, 49.34, 49.71],
    [50.86, 51.15, 52.49, 50.75, 50.27, 50.67, 50.38, 53.67, 57.87, 58.81, 60.44, 63.29, 62.89, 64.19, 65.82, 60.63, 57.89, 58.38, 55.3, 53.15, 52.96, 54.26, 54.26, 54.36],
    [52.56, 53.67, 54.09, 55.96, 56.63, 56.69, 57.01, 57.48, 59.97, 61.19, 61.01, 60.98, 63.85, 63.34, 67.65, 64.66, 66.1, 64.55, 60.53, 62.15, 60.18, 54.89, 53.89, 52.11],
    [49.04, 47.41, 46.29, 45.41, 45.41, 45.91, 45.71, 45.71, 44.98, 45, 45.19, 45.06, 47.34, 48.75, 48.21, 48.29, 47.25, 47.97, 48, 47.71, 46.05, 44.52, 44.23, 45.47],
    [43.75, 41.64, 44.05, 40.6, 39.27, 42.59, 42.31, 45.34, 46.21, 47.71, 49.23, 51.41, 51.92, 53.15, 55.61, 54.07, 53.89, 55.14, 52.11, 50.67, 49.75, 46.93, 46.45, 45.55],
    [41.54, 40, 44.4, 42.61, 42, 44.18, 45.41, 48.75, 50.79, 51.71, 52.01, 53.98, 53.11, 53.89, 56.46, 52.78, 52.3, 52.25, 50.48, 48.86, 50.54, 47.34, 47.52, 48.65],
    [48.38, 47.52, 48.16, 46.56, 45.23, 45.77, 46.38, 48.48, 51.97, 53.78, 56.74, 59.82, 57.48, 58.82, 61.35, 58.45, 56.71, 56.64, 56.15, 55.48, 54.48, 48.38, 46.27, 46.63],
    [42.24, 45.6, 46.5, 44.56, 45.04, 46.59, 47.34, 49.23, 50.59, 53.15, 53.26, 53.99, 54.55, 57, 57.33, 55.59, 53.74, 53.08, 52.11, 51.92, 51.03, 49.04, 47.52, 47.77],
    [47.04, 46, 46.76, 46.48, 46.19, 47.07, 47.52, 48, 49.95, 50, 52.86, 56.21, 55.48, 56.93, 58.94, 56.82, 56.53, 56.69, 55.48, 53.48, 52.63, 48.56, 46.75, 48.42],
    [46.19, 46, 45.45, 45.23, 45.52, 45.86, 46, 46, 48.45, 49.64, 51.64, 55.58, 56.28, 57.55, 57.99, 58.64, 58.28, 59.89, 59.92, 58.28, 57.8, 54.28, 51.83, 50.37],
    [45.28, 43.19, 46.47, 38.83, 36.83, 44.07, 44.38, 50.55, 52.93, 54.64, 58.28, 61.56, 61, 61.55, 63.27, 61.92, 61.92, 59.74, 58.28, 56.64, 55.75, 52.55, 48.92, 50.56],
    [47.64, 48.92, 49.81, 49.28, 49.64, 49.81, 49.64, 52.92, 54.09, 57.92, 60.28, 64.74, 65.28, 68, 70.69, 66.92, 66.92, 67.07, 67.28, 65.28, 64.64, 59.19, 55.55, 56.68],
    [51.47, 51.47, 51.68, 46.19, 45.47, 50.75, 50.38, 57, 59.56, 61, 63.64, 64.42, 66.36, 66.36, 66.82, 67.45, 67.08, 63.95, 66, 64, 62.09, 61.92, 60.28, 55.93],
    [54.36, 52.36, 50.51, 50.36, 49.08, 50.19, 53.28, 54.36, 56.52, 62.28, 62.64, 65.58, 68.92, 68, 68, 69.64, 69.64, 68.33, 69.28, 66.36, 63.11, 59.36, 55.36, 54],
    [52, 49.64, 50.14, 46.36, 46, 46.98, 49.64, 54, 55.83, 63, 65.64, 68.98, 70.55, 71.28, 69.39, 70, 70, 68.51, 68, 65.28, 64.27, 60.83, 53.19, 56.42],
    [49.47, 49.83, 52.93, 48.19, 45.83, 51.16, 50.75, 55.55, 60.28, 64, 66, 68.56, 69.64, 71.64, 73.27, 71.55, 70.55, 68.98, 65.63, 64.97, 64.71, 60.23, 53.83, 55.87],
    [48.53, 46.9, 53.73, 43.68, 43.68, 51.33, 51.83, 57.3, 61.16, 64.41, 67.56, 71.42, 70.74, 72.56, 75.05, 72.18, 71.11, 70.95, 70.3, 70.55, 68.71, 61.19, 56.79, 62.37],
    [58.87, 58.47, 60.43, 58.89, 57.37, 57.98, 58.52, 58.71, 58.06, 59.19, 59.93, 63.56, 62.6, 63.08, 63.86, 62.71, 62.89, 62.3, 62.39, 60.77, 60.29, 57, 54.23, 53.51],
    [47.75, 45.57, 50.07, 43.49, 41.25, 48.95, 51.57, 56.04, 58.09, 62.23, 64, 66.51, 66.96, 68.19, 71.23, 69.82, 69.07, 70.45, 67.15, 64.01, 63.97, 59.08, 55.75, 56.09],
    [53.75, 53.16, 54.25, 52.75, 52.38, 56.12, 57.38, 61.08, 62.95, 63.71, 64.37, 62.75, 60.25, 56.62, 53.99, 51.04, 49.6, 49.07, 49.97, 50.08, 51.58, 49.01, 46.45, 48.95],
    [44.82, 45.68, 45.93, 41.92, 43.55, 44.98, 45.64, 46.19, 49.09, 50.36, 52, 52.84, 51.64, 53.28, 53.09, 53.64, 53.64, 53.51, 55.36, 55, 49.84, 46.55, 41.55, 44.16],
    [37.55, 36.83, 43.12, 33.83, 33.83, 42.31, 43.11, 48, 50.19, 52, 53.64, 55.49, 53.64, 53.28, 53.95, 54.28, 56.28, 54.19, 54.36, 52.55, 52.21, 47.28, 44.19, 46.28],
    [44.28, 45.28, 46.56, 45.64, 45.64, 46.56, 46.92, 48.92, 51.52, 53.28, 54.64, 55.56, 55.36, 55, 52.27, 57.72, 51.06, 52.1, 52.4, 52.19, 50.06, 48.56, 47.71, 47.68],
    [45.6, 45.28, 45.94, 45.6, 45.36, 44.41, 44.89, 44.71, 43.03, 43.48, 43.19, 43.06, 42.89, 43, 42.95, 42.64, 42.71, 43, 43.56, 43.56, 42.68, 42.52, 42.52, 42.07],
    [42.23, 42.23, 42.15, 42.52, 42.52, 42.21, 43.75, 42.71, 42.95, 42.71, 41.19, 40.91, 40.71, 40.71, 40.12, 40.71, 40.52, 41, 42.04, 42.04, 42.47, 43.56, 43.75, 43.22],
    [42.71, 42.71, 42.52, 42.71, 42.52, 42.77, 42.52, 42.71, 44.01, 44.52, 45.34, 47.01, 47.04, 48.11, 48.08, 50.92, 51.04, 47.77, 50.08, 49.04, 47.9, 47.04, 46.04, 45.96],
    [44.33, 44.64, 45.66, 43.56, 43.75, 44.91, 46.19, 47.71, 48.45, 49.71, 51.52, 53.86, 52.92, 55.08, 56.71, 54.34, 51.08, 55.23, 53.52, 53.92, 52.97, 51.04, 48.64, 48.47],
    [46.55, 45.71, 47.54, 43.57, 42.38, 45.93, 47.09, 51.28, 52.13, 54.52, 57.67, 56.98, 57.56, 57.86, 61.2, 60.34, 58.28, 54.47, 54.66, 54.66, 54.94, 52.11, 51.52, 51.63],
    [48.56, 47.04, 48.01, 46, 46.38, 48.39, 49.04, 49.71, 51.04, 51.64, 53.52, 54.67, 54.89, 56.33, 59.3, 59.48, 59.11, 60.37, 57.75, 57.67, 55.59, 53.75, 49.49, 50.35],
    [44.34, 43.68, 47.74, 42.11, 40.38, 47.84, 49.57, 54.53, 58.21, 59.59, 60.34, 63.39, 61.93, 62.12, 63.74, 63.28, 62.15, 62.23, 61.48, 59.19, 58.75, 54.89, 52.55, 52.46],
    [46.53, 44.55, 49.27, 42.19, 42.57, 48.45, 50.16, 54.15, 56.11, 59.48, 61.48, 62.77, 61.19, 62.15, 65.06, 63.64, 62.3, 61.9, 61.19, 59.08, 57.71, 54.23, 51.97, 52.53],
    [51.6, 51.12, 50.31, 49.52, 49.23, 47.35, 47.89, 49.23, 49.09, 49.71, 51.34, 53.07, 54.52, 56.34, 57.69, 58.81, 59.92, 60.69, 58.9, 56.64, 56.86, 55.86, 54.04, 53.26],
    [49.23, 47.38, 51.02, 47.67, 46.31, 52.07, 52.16, 53.41, 56.23, 58.23, 58.52, 61.51, 61.38, 61.56, 63.44, 61.27, 61.86, 61.28, 59.22, 58.63, 58.48, 54.52, 52.93, 52.58],
    [49.6, 50.53, 51.59, 49.19, 50.53, 50.86, 52.64, 54.23, 56.92, 60.63, 61.3, 61.81, 60.55, 63.26, 65.04, 61.71, 62.56, 62.6, 59.75, 59.56, 59.28, 56.12, 53.53, 53.95],
    [50.61, 49.01, 50.23, 44.93, 45.38, 51.67, 51.2, 53.75, 55.74, 56.04, 58.04, 60.1, 62.63, 62.86, 67.6, 62.86, 56.7, 57.87, 58, 59.48, 60.19, 56.71, 54.01, 54.77],
    [49.01, 48.34, 51.98, 47.01, 46.34, 50.77, 50.93, 54.11, 57.08, 60.23, 63.47, 63.91, 64, 62.96, 59.31, 67.64, 65.45, 63.86, 67.64, 65.28, 63.69, 60.28, 57.92, 56.21],
    [53.92, 53.55, 55.21, 49.28, 48.92, 54.7, 55.92, 58.64, 61.03, 60.64, 61.36, 63.32, 60.64, 63.64, 65.17, 64, 63.28, 64.47, 61.92, 62.55, 61.32, 57, 53.92, 55.21],
    [50.55, 49.47, 53.49, 50.02, 46.19, 51.68, 51.47, 54.28, 56.04, 58.48, 59.56, 60.66, 60.8, 62.57, 65.04, 64.45, 64.51, 62.75, 62.85, 60.97, 59.63, 56.54, 54.35, 52.01],
    [51.1, 51.42, 52.46, 52.46, 51.76, 52.95, 53.88, 54.91, 55.36, 55.7, 57.47, 55.39, 53.35, 53.91, 54.12, 54.91, 55, 55.45, 58.04, 58.1, 58.52, 56.86, 55.51, 54.56],
    [53.35, 52.39, 52.69, 51.68, 51.68, 51.91, 52.22, 53.07, 52.27, 52.45, 53.15, 53.15, 53.15, 54.15, 56.09, 57.23, 60.15, 61.34, 63.43, 63.01, 62.9, 60.71, 58.59, 57.42],
    [56.29, 54.53, 54.45, 54.35, 53.92, 55.08, 56.77, 57.14, 58.83, 60.71, 60.86, 60.04, 59.54, 61.22, 66.22, 63.68, 64.59, 65.15, 63.57, 61.56, 60.75, 60.26, 58.63, 56.77],
    [55.53, 54.77, 53.91, 54.01, 53.86, 54.01, 54.86, 54.91, 54.98, 56.94, 57.22, 60.86, 62.15, 63.7, 66.37, 66.36, 66, 66.84, 66, 65.64, 64.95, 62.64, 57.92, 59],
    [52.3, 51.11, 52.98, 45.83, 46.19, 51.91, 53.92, 56.28, 57.19, 60.28, 62, 64.65, 65.64, 66, 65.23, 66.55, 66.55, 66.42, 68.92, 66.92, 66.64, 61.92, 57.92, 58.44],
    [51.47, 49.83, 52.42, 47.47, 46.19, 54.23, 55.75, 61.92, 62.72, 66, 68, 68.47, 66.92, 67.28, 65.44, 65.08, 64.72, 64.28, 63.64, 64, 62.09, 60.28, 57.55, 55.1],
    [51.11, 47.83, 53.05, 45.47, 44.38, 52.65, 55.92, 58.64, 60.09, 62.28, 62.28, 63.91, 64, 64, 64.91, 64.36, 64.36, 63.26, 62.94, 62.1, 60.5, 60.01, 58.63, 57.47],
    [56.86, 56.59, 55.6, 55.81, 55.06, 54.77, 53.21, 53.3, 54.15, 55, 56.15, 57.4, 57.4, 57.45, 59, 60.07, 59.45, 59.14, 58.44, 58.21, 58.04, 56.91, 56.21, 55.67],
    [55.58, 55.37, 54.82, 54.67, 54.58, 54.91, 55.62, 56.77, 58.17, 61, 62.97, 63.92, 59.23, 63.97, 64.28, 57.57, 60.73, 63.08, 61.96, 61.65, 60.85, 59.56, 58.63, 56.68],
    [55.67, 55.67, 55.52, 54.97, 54.77, 53.15, 52.36, 52.36, 52.18, 52.36, 53.26, 54.3, 55.54, 56.86, 55.03, 56.71, 55.06, 55.14, 55.06, 55.4, 54.09, 54.15, 54.07, 54.07],
    [53.91, 53.91, 53.15, 53.8, 53.1, 53.15, 53.21, 54.77, 55.38, 56.86, 57.82, 56.58, 60.75, 59.98, 60.27, 58.58, 58.46, 58.21, 59.56, 58.97, 58.09, 58.01, 56.93, 55.76],
    [53.42, 53.21, 53.46, 52.58, 52.53, 53.07, 53.26, 55.06, 56.07, 57.02, 57.9, 60.46, 59.87, 60.91, 61.81, 61.7, 61.14, 62.3, 62.81, 61.54, 57.25, 56.58, 54.76, 53.85],
    [52.78, 53, 53.96, 52.69, 51.42, 51.89, 53.15, 54.3, 55.32, 59, 60.91, 61.67, 62.77, 64.47, 66.43, 65.77, 66.56, 64.7, 64.73, 60.75, 58.39, 58.38, 55.69, 55.55],
    [55.11, 55.46, 56.17, 53.76, 53.96, 54.12, 57.28, 59.31, 62.99, 65.64, 68.11, 68.89, 68.25, 68.25, 67.95, 65.75, 65.66, 64.59, 64.45, 62.71, 61.92, 60.77, 60.01, 58.86],
    [58.07, 58.12, 58.6, 58.97, 59.98, 60.77, 60.15, 58.07, 58.12, 59, 60.01, 60.01, 60.94, 65.1, 69.26, 70.7, 71.24, 71.23, 72.43, 70.7, 70.56, 66.28, 63.95, 60.97],
    [60.86, 60.55, 59.87, 59.49, 58.7, 59.64, 62.01, 64, 66.2, 69.75, 72.4, 72.58, 71.65, 71.93, 70.64, 67.6, 66.31, 67.52, 66.45, 65.6, 63.75, 63.42, 62.32, 61.04],
    [59.8, 58.73, 59.83, 57.75, 56.75, 57.39, 57.98, 58.15, 60.04, 61.76, 63.56, 64.7, 64.76, 64.67, 66.77, 69.1, 68.47, 68.36, 69.21, 65.8, 65.29, 62.88, 61.07, 59.1],
    [59.66, 58.59, 57.78, 57.39, 56.34, 56.36, 57.92, 59.36, 60.21, 62.35, 65.94, 68.51, 70.05, 69.78, 73.44, 73.19, 72.34, 71.02, 70.79, 70.86, 68.99, 66.28, 63.44, 61.43],
    [59.57, 58.98, 57.36, 58.6, 57.15, 56.45, 59.58, 61.08, 63.04, 65.19, 68.65, 70, 69.8, 69.78, 71.03, 71.75, 71.04, 69.55, 69.13, 68.03, 66.61, 65.1, 62.11, 59.15],
    [56.77, 55.53, 54.91, 52.54, 47.47, 52.45, 54.88, 56.3, 60.01, 62.15, 65.01, 66.33, 70.56, 70.29, 72.23, 68.29, 68.59, 67.1, 65.94, 66.25, 65.95, 65.1, 63.24, 62.21],
    [61.76, 61.31, 60.61, 60.21, 60.26, 61.36, 62.15, 63.15, 64.65, 65.3, 67.1, 67.98, 68.46, 69.68, 69.57, 69.8, 68.48, 67.35, 66.79, 66.03, 64.91, 64.09, 63.06, 62.21],
    [62.15, 62.01, 62.53, 62.12, 62.3, 63, 63.21, 65.04, 65.06, 70.02, 72.25, 72.55, 72.98, 74.44, 75.58, 75.85, 74.89, 73.79, 73.68, 72.76, 71.88, 69.46, 67.48, 65.59],
    [64.8, 64.89, 65.16, 64.62, 65.01, 65.01, 65.65, 65.8, 64.9, 64.88, 65.19, 66.34, 67.13, 66.34, 66.58, 66.81, 65.71, 65.71, 64.79, 64.85, 65.54, 65.91, 64.76, 64.67],
    [63.91, 63.53, 62.82, 62.68, 61.78, 61.47, 61.98, 63.21, 64.94, 68.31, 68.59, 72.06, 73.68, 76.24, 75.33, 77.93, 75.92, 74.47, 73, 71.55, 71.89, 69.28, 65.47, 64.83],
    [63.16, 62.57, 61.12, 62.07, 61, 61, 60.44, 61.29, 62.24, 65.49, 67.3, 65.94, 66.91, 70.34, 69.19, 67.57, 66.65, 67.75, 66.47, 65.1, 64.75, 62.6, 61.58, 61.76],
    [61.25, 58.97, 58.82, 56.97, 56.97, 56.97, 57.62, 57.76, 60.83, 59.06, 60.12, 60.66, 61.9, 63.77, 65.7, 65.64, 66, 66.84, 66.36, 65.64, 65.28, 61.92, 59.92, 59.56],
    [59.55, 59.73, 59.04, 60.12, 60.12, 60.12, 60.21, 61.31, 62.19, 64.36, 65.94, 68.54, 68.76, 68.76, 70.06, 66.93, 67.69, 65.93, 64.7, 64.65, 63.78, 62.23, 60.2, 58.92],
    [57.77, 56.9, 56.28, 55.76, 55.58, 55.47, 57.1, 58.18, 59.36, 61, 65.28, 65.16, 60.08, 60.28, 62.35, 60.08, 62.08, 64.39, 65.99, 64, 63.31, 61.67, 60.74, 59.41],
    [58.39, 57.94, 56.99, 56.12, 55.19, 55.23, 56.58, 58.8, 61.21, 62.24, 66.13, 63.24, 65.03, 65.38, 64.47, 63.51, 62.86, 62.66, 62.68, 62.48, 61.72, 59.42, 59.33, 59.02],
    [59.02, 60.12, 59.36, 58.91, 58.77, 58.86, 58.15, 58.21, 58.95, 59.36, 60.07, 60.15, 60.86, 62.01, 64.71, 65.2, 64.97, 62.94, 63.39, 62.96, 59.86, 59, 58.86, 58.57],
    [57.33, 57.13, 55.57, 55.42, 55.47, 54.77, 55.84, 57.31, 59.18, 62.28, 64.56, 65.55, 66.09, 67.75, 68.88, 69.23, 68.85, 68.76, 69.32, 67.21, 65.92, 63.44, 60.37, 57.56],
    [57.72, 55.87, 53.7, 54.01, 53.7, 54.1, 54.71, 56.77, 58.92, 60.89, 63, 63.09, 65.71, 65.4, 59.34, 54.91, 56.18, 58.96, 61.72, 61.4, 60.98, 59.14, 56.49, 55.81],
    [54.57, 53.81, 53.19, 51.73, 50.93, 51.33, 54.01, 55.84, 59.61, 61.33, 62.84, 61.45, 58.88, 58.35, 61.95, 64.53, 65.8, 65.89, 67.12, 64.87, 62.74, 60.37, 58.19, 56.44],
    [55.3, 54.14, 52.85, 52, 50.93, 51.1, 54.19, 58.15, 60.27, 63.01, 66.05, 66.33, 64.09, 64.43, 66.91, 64.68, 66, 64.36, 63.66, 62.08, 61.08, 59.58, 57.32, 56.57],
    [55.55, 54.48, 55.17, 53.24, 53.24, 53.58, 55.12, 58.45, 59.19, 62.36, 64.92, 68.42, 68.56, 69.04, 71.07, 70.34, 67.01, 65.64, 61.76, 59.9, 60.08, 59.27, 58.46, 58.23],
    [57.87, 56.68, 55.99, 57.39, 55.67, 55.06, 54.25, 53.46, 53.19, 55.06, 56.21, 58.71, 58.38, 62.49, 62.98, 62.36, 62.64, 63.12, 64, 62.22, 61.07, 58.82, 57.01, 55.43],
    [54.29, 53.5, 54.04, 51.15, 52.2, 51.55, 54.01, 57.84, 60.3, 64, 66.56, 67.77, 68.96, 70.36, 69.8, 70.51, 68.87, 68.33, 67.66, 67.71, 66.74, 64.46, 62.59, 62.54],
    [61.62, 60.91, 60.84, 59.67, 58.37, 56.97, 57.81, 58.26, 58.98, 60.26, 62.21, 64, 63.11, 63.18, 64.15, 66.2, 67.35, 67.49, 66.96, 67.26, 66.89, 67.12, 66.81, 67.12],
    [66.85, 66.7, 65.12, 65.8, 65.66, 64.87, 65.01, 65.15, 66.46, 67.3, 70.7, 72.7, 72.97, 74.64, 72.94, 73.43, 72.72, 73.82, 74.38, 73.29, 73.03, 72.26, 71.18, 70.19],
    [68.24, 65.41, 63.52, 63.57, 62.42, 63.07, 64.35, 66.76, 69.03, 71.86, 73.7, 75.45, 76.64, 78.41, 76.88, 75.2, 74.22, 74.35, 72.31, 71.52, 70.44, 68.47, 66.62, 66.25],
    [64.8, 63.47, 60.21, 61.1, 60.11, 60.2, 61.38, 63.15, 65.57, 66.81, 67.04, 68.9, 69.6, 68.96, 69.01, 69.32, 69.18, 69.07, 68.96, 67.21, 66.18, 63.91, 60.82, 58.99],
    [56.57, 55.92, 56.13, 53.89, 53.01, 52.76, 55.4, 59.22, 62.12, 66, 68.65, 69.75, 69.08, 71.49, 70.61, 68.81, 68.54, 67.83, 66.74, 65.8, 63.92, 63.77, 62.68, 61.5],
    [60.74, 59.73, 60.41, 59.76, 59.51, 60.21, 60.97, 63.01, 65.42, 68.25, 73.04, 74.13, 71.6, 74.61, 75.73, 75.4, 74.47, 72.41, 70.95, 70.81, 70.86, 69.57, 68.47, 68.56],
    [66.62, 67.77, 66.29, 66.92, 66.39, 64.67, 63.77, 63.91, 64.27, 66.76, 67.21, 70.31, 70.76, 71.46, 72.03, 71.32, 70.67, 69.07, 68.7, 66.67, 65.89, 64.67, 64.28, 60.63],
    [59.62, 59.47, 57.72, 56.97, 55, 56.71, 58.01, 59.78, 60.78, 62.45, 65.41, 67.55, 68.79, 71.01, 72.3, 70.99, 70.99, 71.6, 69.78, 68.28, 66.64, 63.68, 63.39, 62.59],
    [61.13, 59.71, 56.74, 57.37, 56.64, 56.73, 57.3, 58.74, 60.57, 63.53, 66.51, 65.71, 65.98, 68.17, 55.36, 57.87, 60.94, 62.13, 62.92, 59.82, 61.03, 59.73, 58.43, 56.52],
    [55.44, 54.16, 52.77, 52.23, 52.25, 51.61, 53.49, 56.12, 58.12, 60.82, 62.12, 63.07, 64.09, 64.74, 64.99, 66.51, 65.8, 66.68, 66.59, 65.8, 64.33, 62.37, 59.64, 58.24],
    [56.43, 55.27, 57.69, 54.85, 53.69, 52.99, 55.54, 58.4, 62.86, 65.1, 68.45, 68.9, 69.6, 70.48, 72.17, 69.89, 69.98, 70.17, 69.89, 68.96, 67.81, 65.68, 63.93, 62.93],
    [63.97, 63.97, 62.89, 63.88, 64.73, 65.03, 64.47, 63.82, 63.95, 64, 65.3, 69.24, 71.79, 70.9, 74.6, 75.12, 75.25, 73.09, 71.06, 67.55, 66.18, 64.64, 63.41, 61.91],
    [60.9, 60.2, 58.62, 57.64, 56.49, 55.22, 55.65, 59.17, 62.16, 64.36, 67.3, 68.9, 68.87, 71.04, 72.63, 73.13, 71.55, 71.79, 70.54, 68.51, 66.67, 64.39, 62.53, 62.27],
    [60.31, 60.13, 59.11, 57.8, 56.9, 57.06, 58.1, 59.84, 62.05, 63.52, 67.89, 69.18, 68.92, 70.11, 70.15, 70.96, 70.81, 70.9, 69.75, 68.59, 66.97, 65.41, 64.14, 62.23],
    [58.83, 56.83, 60.26, 59.4, 58.22, 58.86, 60.12, 60.91, 62.93, 65.77, 67.19, 70.45, 71.09, 72.4, 74.03, 71.55, 68.36, 63.91, 63.86, 62.86, 62.04, 61.36, 62.12, 62.18],
    [62.18, 61.81, 60.49, 61.06, 60.91, 60.07, 60.46, 59.56, 60.42, 61, 63.77, 65.07, 66.09, 67.01, 68.3, 68.69, 67.88, 66.25, 66.02, 63.67, 62, 58.77, 58.37, 57.67],
    [58.68, 57.76, 57.39, 57, 56.91, 57, 57, 58.07, 59.86, 62.17, 64.58, 65.07, 61.26, 61.41, 65.33, 62.53, 59.42, 58.37, 58.46, 57.73, 58.02, 57.98, 57.56, 56.77],
    [56.86, 55.9, 54.42, 55.06, 55.06, 54.91, 55, 56.07, 57.36, 59.62, 60.15, 62.55, 62.77, 64.46, 63.48, 63.91, 63.91, 62.97, 62.21, 61.92, 60.06, 57.98, 56.93, 54.41],
    [54.09, 54.34, 52.97, 52.07, 51.04, 51.33, 53.17, 56.01, 58.09, 60.15, 62.07, 62.07, 61.56, 62.56, 65.67, 64.47, 63.91, 61.51, 62.22, 60.61, 60.09, 59.22, 56.81, 56.04],
    [54.04, 52.8, 53.87, 50.77, 49.89, 49.65, 50.14, 53.51, 57.21, 59.76, 63.07, 64.36, 66.25, 66.34, 67.13, 68.4, 67.04, 67.11, 67.87, 65.92, 64.63, 63.28, 62.09, 61.64],
    [60.88, 59.6, 59.46, 58.7, 58.7, 58.76, 58.14, 59.05, 60.99, 64.02, 66.42, 65.91, 62.94, 65.91, 64.55, 62.82, 64.23, 63.63, 63.62, 62.77, 61.7, 60.74, 59.86, 59.55],
    [58.85, 58.36, 57.35, 58.7, 57.69, 58.09, 58.09, 59.24, 61.58, 62.12, 63.86, 65.71, 64.92, 65.77, 67.59, 65.15, 64.42, 65.24, 64, 63.15, 61.92, 60.45, 58.22, 56.89],
    [56.1, 55.56, 55.39, 54.65, 52.82, 53.04, 55, 55.81, 58.12, 62.42, 65.15, 66.31, 67.15, 67.15, 67.54, 68, 67.91, 67.24, 67.32, 66.17, 65.21, 63.1, 61.98, 60.86],
    [59.98, 59.89, 58.82, 57.89, 57.19, 56.52, 56.88, 58.12, 60.54, 61.7, 65.26, 67.57, 69.38, 70.89, 71.86, 72.86, 71.31, 71.36, 71.04, 69.52, 67.92, 65.2, 63.18, 61.17],
    [59.53, 58.61, 57.98, 56.69, 56.61, 55.69, 55.85, 58.12, 58.37, 59.63, 62.24, 65.19, 68.9, 70.93, 75.35, 70.06, 64, 66.76, 66.51, 66.05, 66.31, 64.18, 62.93, 62.76],
    [62.79, 62.7, 61.07, 60.93, 60.79, 60.7, 60.93, 63.1, 64.8, 66.73, 68.81, 70.14, 71.19, 72.15, 75.44, 72.36, 66.94, 66.84, 68.73, 67.14, 66.12, 63.49, 62.11, 60.56],
    [60.11, 60.11, 60.17, 58.78, 57.75, 56.96, 57.06, 59.66, 62.81, 63.82, 64.62, 66.22, 66.53, 67.63, 69.01, 69.3, 68.79, 68.67, 67.77, 66.53, 65.86, 64.62, 63.82, 63.77],
    [63.77, 63.82, 63.79, 63.06, 63.91, 63.86, 63.15, 63.21, 64.03, 66.31, 70.17, 71.52, 69.1, 69.97, 70.08, 72.21, 72.3, 73.06, 73.06, 72.67, 65.41, 64.14, 62.17, 61.67],
    [59.76, 59.85, 59.97, 58.9, 58.57, 58.81, 59.06, 60.07, 61.63, 63.07, 65.12, 66.67, 66.45, 66.36, 67.57, 66.87, 65.24, 62.44, 62.91, 60.91, 60.02, 58.79, 58.31, 57.61],
    [57.43, 57.64, 57.04, 56.96, 57.41, 58.73, 59.08, 60.03, 60.02, 60.26, 62.12, 62.21, 62.86, 62.91, 65.11, 65.31, 65.94, 67.01, 66.96, 65.71, 64.77, 62.74, 61.81, 60.97],
    [60.88, 59.67, 59.83, 59.64, 58.09, 57.77, 58.09, 58.68, 60.83, 61.67, 64.46, 64.76, 65.57, 65.77, 65.8, 66.42, 64.62, 63.47, 60.46, 59.56, 58.92, 58.55, 56.35, 56.91],
    [56.91, 56.86, 56.55, 56.91, 56.91, 55.9, 56.77, 57, 57.12, 59.06, 60.21, 62.04, 63.14, 63.96, 63.67, 66.24, 65.19, 62.24, 59.68, 58.99, 58.2, 57.39, 56.96, 56.2],
    [55.09, 53.9, 55.06, 55.24, 55.33, 55.56, 55.7, 55.76, 56.03, 58.71, 60.69, 60.35, 63.06, 63.41, 65.92, 65.77, 65.89, 65.66, 63.28, 58.8, 58.21, 57.39, 56.14, 56.62],
    [56.62, 55.97, 55.62, 54.77, 54.72, 53.7, 54.18, 54.96, 58.55, 60.75, 63.9, 64.85, 65.18, 66.76, 67.27, 66.62, 66.62, 66.36, 66.17, 63.82, 61.67, 59.95, 57.55, 55.76],
    [55.62, 56.09, 56.39, 56.33, 55.33, 56.96, 58.9, 59.78, 61.01, 60.97, 62.1, 62.91, 62.21, 61.7, 60.59, 59.87, 60.41, 61.03, 61.56, 61.9, 61.06, 60.97, 59.76, 59.02],
    [56.93, 56.23, 54.43, 55.47, 56.71, 53.82, 50.9, 49.97, 49.95, 49.26, 49.91, 51.07, 52.22, 54.77, 56.04, 56.91, 59, 60.1, 59.36, 58.6, 56.5, 53.16, 52.37, 50.87],
    [49.99, 48.63, 49.16, 46.07, 44.35, 43.14, 43.62, 45.88, 49.18, 52.72, 56.64, 57.84, 59, 60.64, 60.52, 60.64, 60.28, 59.98, 58.28, 56.64, 56.89, 54.64, 55.55, 56.72],
    [55.92, 56.28, 57.56, 54.64, 55.36, 55.74, 56.64, 56.64, 58.95, 61.55, 62.64, 64.98, 65.64, 67.28, 67.04, 67.19, 68.14, 68.33, 67.69, 64.59, 61.64, 59.01, 58, 57.47],
    [57.07, 58.01, 59.21, 58.99, 60.18, 60.26, 60.91, 60.97, 62.07, 64.17, 65.01, 65.86, 67.01, 67.71, 69.54, 68.51, 66.56, 65.86, 64.62, 63.67, 62.95, 62.82, 62.12, 61.02],
    [61.02, 61.02, 60.66, 60.82, 60.12, 60.03, 60.03, 59.98, 60.04, 60.07, 60.21, 60.21, 60.07, 59.06, 58.21, 58.26, 58.26, 58.35, 59.06, 58.97, 58.16, 59.06, 59.06, 59.11],
    [59.85, 59.06, 58.44, 58.97, 59.06, 59.06, 59.06, 59.06, 59.03, 59, 59.06, 60.21, 60.3, 60.3, 59.99, 58.01, 57.81, 57.67, 56.91, 57, 56.92, 56.37, 55.43, 55.44],
    [55.44, 54.59, 55.3, 53.77, 52.98, 52.3, 51.68, 53.63, 54.95, 56.21, 58.12, 59.67, 60.21, 61.36, 62.95, 63.21, 63.86, 63.86, 62.91, 62.77, 61.99, 60.97, 60.97, 60.97],
    [60.68, 59.75, 58.15, 58.82, 58.21, 58.82, 58.21, 58.21, 58.95, 60.07, 62.07, 63.3, 65.3, 66.85, 68.03, 68.14, 67.44, 67.35, 66.2, 64.06, 62.46, 61.1, 59.75, 58.74],
    [57.19, 55.84, 56.16, 55.76, 55.23, 55.92, 55.1, 55.78, 57.99, 59.51, 62.86, 63.62, 62.86, 62.86, 62.92, 62.15, 62.77, 61.92, 62.07, 62.07, 62.04, 62.07, 61.98, 60.91],
    [58.91, 57.98, 56.05, 55.76, 54.91, 54.82, 54.07, 54.82, 56.09, 58.15, 60.15, 62.15, 63.13, 61.76, 63.88, 63.07, 63.97, 63.94, 63.65, 61.44, 57.68, 56.47, 54.29, 53.63],
    [53.16, 51.63, 50.93, 50.45, 49.64, 48.79, 47.55, 47.94, 48.71, 50.45, 52, 53.21, 54.97, 55.45, 57.5, 57.06, 56.91, 56.07, 55.62, 54.71, 54.08, 53.29, 52.53, 52.33],
    [49.32, 48.53, 49.23, 48.67, 48.76, 48.56, 48.87, 49.71, 49.95, 51.21, 52.85, 53.21, 54.97, 56.86, 58.92, 58.35, 58.49, 59.14, 58.1, 56.1, 54.21, 53.31, 52.35, 51.9],
    [51.51, 51.82, 50.28, 50.61, 50.46, 49.51, 49.68, 50.92, 51.12, 53.01, 53.07, 54.21, 55.9, 56.13, 57.94, 59.14, 59.06, 57.56, 53.85, 52.56, 52.69, 51.54, 50.3, 48.39],
    [48.42, 47.35, 48.29, 44.47, 44.19, 42.9, 41.41, 42.47, 45.36, 48.36, 51.26, 52.51, 54.11, 54.35, 57.45, 57.81, 57.79, 56.91, 55.76, 54.67, 53.1, 52.92, 53.49, 55.42],
    [56.21, 56.91, 56.9, 56.77, 56.12, 56.12, 56.12, 56.26, 58.04, 59.31, 61.9, 62.99, 64.79, 66.25, 66.83, 66.14, 64.76, 61.97, 61.87, 60.71, 59.51, 59.78, 58.91, 58.86],
    [57.86, 58.11, 57.88, 57.32, 56.46, 58.07, 57.87, 58.01, 61.51, 62.68, 63.07, 64.45, 66.34, 68.06, 70.33, 67.66, 66.48, 67.41, 66.4, 65.55, 63.82, 62.9, 62.6, 61.9],
    [60.8, 60.8, 56.11, 55.76, 55, 53.81, 52.47, 52.47, 52.9, 52.98, 54.07, 56.07, 58.21, 59.67, 59.76, 60.12, 61.22, 60.15, 58.91, 55.46, 54.05, 50.82, 51.24, 50.72],
    [50.43, 48.43, 48.23, 47.29, 46.5, 46.04, 46.74, 46.74, 48.59, 52.36, 55.22, 55.56, 57.33, 58.91, 60.7, 59.92, 59.28, 58.91, 57.81, 55.37, 52.81, 51.3, 50.51, 50.39],
    [49.57, 48.84, 49.09, 48.47, 48.53, 49.37, 49.67, 52.47, 52.06, 50.87, 50.11, 51.12, 51.21, 51.21, 52.03, 52.36, 53.97, 54.21, 54.82, 54.12, 53.57, 53.18, 53.21, 52.06],
    [51.21, 51.12, 51.07, 50.67, 49.82, 49.82, 49.68, 49.99, 52.1, 53.15, 54.91, 56.15, 58.21, 59.06, 60.07, 60.38, 60.44, 60.35, 59.2, 55.67, 55.66, 52.1, 52.12, 52.55],
    [52.02, 51.41, 52.85, 51.68, 51.77, 51.68, 51.77, 52.08, 53.04, 54.3, 56.21, 58.26, 59.42, 59.7, 60.12, 62.03, 61.45, 60.86, 58.89, 57.56, 55.9, 54.12, 54.26, 54.97],
    [54.82, 55.28, 54.9, 55.62, 54.91, 54.91, 54.77, 53.97, 54.95, 56.07, 56.8, 58.75, 60.75, 60.48, 62.86, 63.63, 63.21, 62.21, 60.91, 58.68, 56.81, 55.13, 54.3, 52.39],
    [51.66, 50.16, 49.35, 48.36, 48.38, 48.64, 48.5, 49.7, 51.52, 53.97, 55.4, 57.99, 58.66, 54.94, 56.12, 56.52, 56.1, 56.15, 55.76, 53.82, 52.99, 52.9, 51.97, 52.85],
    [53.07, 53.01, 51.69, 52.17, 51.86, 51.6, 50.7, 50.62, 51.04, 51.82, 51.91, 52.62, 53.31, 55.36, 57.71, 57.08, 54.77, 53.52, 51.43, 49.82, 50.19, 49.23, 48.44, 47.59],
    [47.59, 46.95, 45.65, 45.57, 44.71, 44.82, 44.82, 44.77, 46.16, 48.28, 50.36, 51.88, 53.28, 54.5, 56.54, 55.46, 54.61, 52.76, 51.91, 50.44, 48.29, 46.72, 47.41, 46.56],
    [45.68, 44.29, 45, 43.27, 42.99, 42.85, 41.78, 42.05, 43.85, 47.07, 49.3, 52.45, 53.12, 53.86, 53.8, 52.76, 51.66, 50.51, 48.47, 46.62, 45.95, 45.21, 45.91, 46.06],
    [46.06, 47.23, 48.11, 48.81, 49.18, 49.26, 49.26, 49.21, 49.12, 49.97, 50.06, 51.07, 51.07, 51.07, 51.12, 51.91, 51.86, 51.77, 51.07, 49.97, 49.1, 49.12, 48.06, 47.91],
    [47.91, 47.86, 46.85, 46.85, 46.76, 46.76, 46.76, 45.82, 47.09, 49.01, 49.89, 52.17, 53.21, 54.82, 55.45, 54.26, 54.21, 53.12, 51.97, 50.06, 48.94, 48.76, 48.06, 48.06],
    [48.06, 46.9, 45.96, 44.69, 44.3, 44.64, 43.85, 42.21, 43.03, 45.3, 47.26, 48.56, 50.14, 50.11, 51.72, 51.12, 50.11, 49.97, 48.76, 47.91, 47.01, 45.67, 44.41, 43.37],
    [44.49, 44, 44, 44.67, 44.97, 45.76, 45.97, 46.67, 46.86, 48, 48, 48.85, 49.21, 49.91, 50, 50.45, 51.07, 50, 49.86, 49.91, 49.95, 49.82, 49.12, 49.82],
    [49.82, 49.91, 50.65, 49.82, 49.97, 50.98, 50.36, 50.36, 50.3, 51.35, 52.42, 53.3, 54.91, 54.94, 55.97, 56.01, 55.56, 54.51, 53.8, 53.01, 53.01, 52.31, 52.36, 53.3],
    [53.94, 54.97, 54.59, 55, 55, 55, 54.86, 53.94, 53.92, 54.1, 55.22, 54.86, 54.86, 54.86, 54.83, 54.71, 53.86, 53.86, 53.01, 53.01, 53.01, 52.92, 53.01, 52.92],
    [52.62, 51.91, 50.38, 51.07, 49.97, 50.06, 50.06, 50.76, 51.12, 51.91, 53.07, 53.86, 53.91, 54.06, 54.81, 52.25, 51.41, 51.44, 51.04, 49.32, 49.41, 49.18, 48.98, 47.62],
    [46.77, 45.49, 45.19, 44.29, 44.69, 46.02, 47, 47.26, 48.11, 50.36, 52.31, 54.8, 54.8, 53.86, 53.92, 53.86, 54.94, 54.8, 52.67, 51.12, 51.01, 50.7, 49.86, 49.86],
    [48.67, 46.67, 47.09, 45.44, 45.62, 45.8, 46.7, 46.7, 46.97, 47.91, 48.76, 49.91, 51.61, 53.21, 52.85, 54, 54.09, 53.21, 50.76, 49.23, 48.61, 47.82, 46.98, 47.75],
    [48.62, 48.76, 49.38, 49.12, 49.26, 50.06, 50.36, 51.07, 50.27, 51.86, 52.31, 53.01, 53.15, 53.8, 54.83, 54.86, 54.8, 54.8, 54.8, 54.01, 53.09, 53.8, 53.01, 52.92],
    [51.77, 50.98, 50.36, 51.07, 49.97, 50.84, 50.84, 49.91, 51.04, 51.86, 53.07, 54.01, 55.87, 56.46, 55.86, 56.8, 56.8, 56.75, 54.8, 53.66, 52.86, 51.83, 52.48, 52.65],
    [52.03, 49.79, 50.49, 48.72, 47.62, 47.44, 47.47, 47.96, 49.37, 51.63, 52.73, 55.11, 55.88, 55.31, 53.01, 53.86, 54.86, 54.86, 54.86, 53.91, 53.98, 54, 53.91, 54],
    [54, 53.21, 52.68, 54.15, 53.86, 53.01, 51.82, 51.77, 50.99, 51.77, 51.07, 50.76, 50.42, 51.07, 51.15, 51.52, 51.15, 51.07, 50.62, 49.32, 48.69, 48.08, 48.02, 47.93],
    [48.02, 47.37, 46.29, 47.86, 48, 47.3, 46.9, 46.67, 45.77, 45.91, 47.61, 49.3, 49.91, 50.47, 51.32, 52.76, 51.41, 51.97, 49.68, 46.7, 45.96, 43.99, 42.08, 41.71],
    [40.69, 39.96, 41.25, 40.27, 40.53, 40.63, 40.98, 41.12, 41.54, 43.13, 45.15, 46.59, 49.49, 53.15, 53.21, 53.28, 54.12, 52.11, 50.58, 48.13, 47.61, 46.61, 46.24, 45.48],
    [44.48, 43.75, 43.69, 43.84, 43.89, 44.77, 45.8, 46, 46.83, 47.07, 48.22, 49.3, 50.45, 53.15, 53.21, 52.51, 52.81, 51.12, 50.62, 49.8, 48.83, 48.22, 48.7, 47.91],
    [47.6, 45.11, 43.31, 44.94, 44.94, 45.1, 45.56, 44.94, 45.12, 46.06, 47.21, 48.51, 49.21, 51.37, 49.81, 50.36, 50.06, 49.21, 48.53, 47.02, 46.46, 45.69, 45.16, 44.9],
    [42.17, 42.29, 42.85, 43.21, 43.64, 43.67, 43.98, 44.07, 44.01, 43.7, 44, 44.51, 46.67, 46.2, 47.47, 46.11, 45.97, 45.06, 44.3, 44.21, 44.09, 44.21, 44.07, 44.1],
    [44.07, 43.76, 42.13, 41.9, 40.52, 38.66, 38.46, 37.79, 37.96, 39.2, 40.66, 42.57, 44.86, 43.91, 44.04, 44.77, 44.86, 44.15, 43.65, 42.91, 42.35, 41.62, 41.65, 41.76],
    [40.55, 39.45, 37.83, 38.55, 39.7, 39.85, 40.6, 40.91, 40.37, 41.85, 43.06, 44.97, 45.91, 46.06, 46.86, 46.06, 46, 45.67, 44.91, 44.77, 43.46, 40.88, 40.07, 40.56],
    [38.78, 38.01, 38.31, 36.51, 35.61, 35.55, 35.27, 35.09, 35.39, 37.64, 39.65, 42.13, 42.64, 44.32, 44.19, 44.35, 44.35, 44.68, 42.31, 41.09, 40.49, 39.94, 39.01, 38.69],
    [37.94, 37.28, 37.8, 36.24, 36.47, 36.69, 37.52, 36.78, 36.95, 38.23, 42.26, 43.8, 46.11, 45.88, 45.98, 45.44, 45.21, 44.12, 42.18, 40.91, 39.81, 39.27, 38.29, 37.23],
    [37.38, 38.53, 39.56, 37.94, 36.97, 37.56, 38.92, 38.27, 39.55, 41.61, 42.99, 44.26, 46.17, 46.45, 47.93, 47.12, 46.81, 45.32, 45.02, 44.99, 45.52, 45.97, 45.88, 45.97],
    [45.88, 45.26, 46.08, 44.91, 44.91, 44.91, 44.91, 44.96, 45.68, 45.32, 46.87, 47.07, 47.91, 49.07, 49.04, 49.01, 47.15, 45.86, 45.21, 45.21, 46.03, 46.22, 48.25, 50],
    [50, 49.91, 47.77, 45.76, 44.07, 42.97, 42.91, 42.97, 43.03, 44.07, 44.97, 45.97, 47.91, 48.92, 49.01, 48.7, 48.98, 47.18, 45.88, 45.57, 45.86, 45.67, 46.28, 46.69],
    [46.96, 48.06, 47.66, 47.26, 46.9, 46.81, 46.73, 47.26, 48.03, 48.06, 49.15, 50.31, 51.77, 50.53, 50.77, 50.06, 51.07, 51.07, 51.01, 50.08, 49.95, 49.91, 49.86, 49.07],
    [47.82, 46.47, 47.04, 45.68, 45.77, 46.08, 46.87, 47.04, 48.03, 48.06, 49.15, 49.21, 50.06, 51.07, 51.9, 51.86, 51.8, 51.71, 51.01, 51.07, 51.09, 51.15, 51.55, 52.22],
    [52, 52.87, 52.65, 53.71, 53.75, 53.75, 53.75, 53.75, 53.85, 53.75, 53.8, 53.8, 54.01, 54.77, 54.88, 54.8, 54.75, 53.8, 52.96, 52.87, 52.92, 52.56, 52.56, 51.8],
    [51.8, 51.8, 51.83, 50.85, 50, 50.06, 49.91, 48.9, 47.08, 47.04, 46.96, 47.04, 47.26, 47.3, 48.03, 48.06, 48.06, 48.14, 48.11, 49.06, 49, 49.06, 50, 50],
    [50.94, 50.94, 50.94, 51, 51.14, 51.44, 51.29, 51.11, 50.06, 49.81, 49.11, 48.96, 48.9, 48.11, 48.86, 46.99, 46.2, 46.06, 46, 45.06, 45.03, 44.97, 44.21, 44.21],
    [44.07, 43.76, 42.75, 43.06, 42.26, 42.97, 42.21, 41.9, 41.03, 41.06, 41.9, 42.26, 43.76, 43.36, 44.04, 44.21, 44.12, 42.97, 42.21, 40.96, 41.44, 41.58, 41.62, 42.07],
    [41.62, 41.7, 39.44, 40.91, 41.7, 41, 41, 41.06, 40.85, 40.26, 41.36, 42.3, 42.35, 43.56, 43.38, 43.59, 44.26, 43.39, 41.41, 39.41, 39.64, 37.78, 37.64, 36.99],
    [36.56, 36.3, 36.22, 36.62, 35.91, 36.91, 38.77, 40.01, 41.1, 42.07, 43.92, 43.76, 43.9, 44.12, 45.06, 44.91, 43.76, 42.6, 41.62, 42.4, 41.79, 40.24, 37.76, 36.55],
    [35.79, 35.02, 34.18, 34.1, 33.96, 33.2, 33.06, 32.19, 32.44, 32.04, 33.55, 34.51, 36.97, 37.06, 37.68, 38.21, 37.76, 37.33, 37.13, 36.55, 36.69, 32.29, 31.13, 29.89],
    [29.13, 29.04, 29.61, 28.99, 28.93, 28.85, 29.15, 29.71, 31.37, 30.92, 32.06, 33.91, 34.06, 35.3, 35.35, 37.14, 37.06, 37, 36.63, 36.63, 36.28, 35.07, 34.92, 34.78],
    [34.33, 33.36, 31.3, 31.99, 31.23, 31.23, 30.75, 31.06, 31.39, 31.54, 33.55, 36.21, 38.21, 39.06, 39.66, 39.02, 37.96, 37.06, 34.8, 32.71, 35.63, 31.74, 31.28, 29.59],
    [28.44, 28.35, 28.68, 28.06, 27.36, 26.46, 27, 25.9, 26.41, 27.36, 29.62, 31.41, 34.56, 36.35, 36.24, 37.06, 36.11, 35.12, 32.01, 31.57, 31.9, 29.54, 29.14, 28.33],
    [28.35, 28.68, 28.06, 27.36, 26.46, 27, 25.9, 26.41, 27.36, 29.62, 31.41, 34.56, 36.35, 36.24, 37.06, 36.11, 35.12, 32.01, 31.57, 31.9, 29.54, 29.14, 28.33, 28.24],
    [28.21, 29.98, 27.76, 27.51, 26.84, 28.1, 28.55, 32.03, 34.96, 37.56, 39.08, 41.02, 42.26, 42.98, 43.06, 42.57, 39.87, 38.32, 39.02, 39.06, 39.11, 39.11, 39.11, 39.11],
    [39.25, 37.41, 39.87, 39.87, 40.26, 40.26, 40.32, 41.01, 41.02, 40.97, 40.97, 40.26, 40.91, 39.94, 40.21, 40.21, 40.21, 39.73, 39.62, 38.56, 36.58, 34.75, 32.75, 32.43],
    [31.22, 33.85, 30.43, 31.22, 30.43, 29.4, 29.43, 30.17, 30.83, 32.69, 34.39, 36.93, 39.53, 42.16, 42.03, 41.02, 41.02, 41.02, 40.99, 41.18, 42.23, 42.32, 43.56, 44.26],
    [44.26, 44.26, 44.26, 44.97, 44.91, 44.91, 44.91, 44.95, 44.91, 44.97, 45.91, 45.91, 44.91, 44.54, 44.21, 44.12, 44.12, 44.21, 44.97, 44.98, 44.97, 45.06, 45.21, 45.91],
    [44.97, 43.59, 44.26, 45.21, 45.91, 45.21, 45.91, 45.95, 46, 46.76, 47.07, 47.86, 47.77, 47.92, 47.07, 46.53, 44.97, 43.64, 44.26, 44.98, 44.97, 45.12, 44.82, 44.82],
    [43.89, 41.53, 40.06, 41.58, 40.03, 38.43, 38.58, 40.43, 40.97, 42.09, 44.18, 45.21, 45.76, 46.72, 44.7, 41.98, 42.63, 43.28, 43.28, 42.68, 42.35, 42.42, 42.59, 41.18],
    [40.16, 39.61, 40.22, 39.42, 39.54, 39.72, 39.49, 40.12, 39.64, 40.88, 41.47, 44.18, 43.53, 42.17, 42.24, 42.15, 40.41, 39.36, 38.46, 38.77, 36.6, 34.49, 34.1, 34.46],
    [34.12, 35.83, 37.32, 37.35, 37.44, 37.53, 38.52, 39.77, 40.07, 40.21, 40.26, 40.97, 41.06, 41.86, 41.76, 41.06, 40.26, 40.21, 39.9, 39.94, 39.06, 39.06, 38.97, 38.91],
    [38.91, 37.9, 37.85, 37.06, 36.85, 35.97, 34.11, 34, 32.9, 32.9, 32.06, 33.15, 33.91, 35.04, 36, 35.91, 34.84, 33.77, 33.77, 34.77, 35.07, 35.97, 36.91, 38.07],
    [37.9, 36.19, 36.76, 36.62, 35.77, 35.57, 35.31, 34.61, 35.48, 35.77, 36.77, 38.01, 38.91, 39.03, 39.06, 38.91, 38.86, 38.86, 38.45, 37.56, 37.47, 36.54, 36.3, 35.59],
    [34.75, 34.08, 33.02, 34.12, 34.21, 35.45, 35.54, 35.73, 34.84, 35.84, 36.63, 36.82, 37.53, 37.66, 35.77, 35.15, 34.62, 34.92, 34.7, 34.36, 33.46, 32.62, 32.22, 31.19],
    [30.19, 29.96, 28.96, 28.87, 27.56, 27.54, 27.23, 27.88, 27.14, 29.11, 30.89, 33.24, 34.45, 34.36, 34.73, 33.79, 32.01, 32.41, 32.8, 34.34, 33.22, 34.57, 35.47, 36.8],
    [37.8, 40.16, 39.96, 41.17, 41.78, 41.87, 43.02, 43.06, 44.12, 44.21, 44.97, 45.91, 45.91, 46, 46, 45.91, 45.91, 45.91, 45.91, 46, 45.91, 45.91, 45.86, 45.91],
    [45.86, 45.7, 45.86, 45.86, 45.7, 44.91, 44.91, 44.95, 44.91, 44.91, 45, 45, 45.86, 45.5, 45.91, 44.97, 45.21, 46, 47.1, 47.92, 46.62, 44.77, 44.77, 44.07],
    [43.62, 41.83, 43.92, 44.07, 44.07, 44.15, 43.45, 43.86, 43.06, 42.97, 43.76, 43.11, 43.42, 44.07, 42.97, 41.73, 40.68, 39.75, 39.44, 38.86, 38.32, 37.56, 36.71, 36.05],
    [35.4, 36.22, 33.64, 33.27, 32.58, 31.88, 31.97, 31.79, 30.72, 33.39, 36.21, 38.12, 40.03, 40.95, 39.5, 38.01, 36.47, 35.73, 38.86, 40.04, 40.91, 41.28, 41.62, 40.97],
    [40.97, 43.15, 42.91, 43.36, 44.15, 44.91, 45.07, 45.86, 45.71, 46.92, 47.71, 48.9, 49.04, 49.92, 50.2, 50.2, 51.15, 51.21, 50.2, 50.06, 50.06, 49.35, 49.49, 49.49],
    [49.35, 47.33, 49.8, 49.15, 48.9, 47.97, 47.97, 47.16, 46.81, 46.76, 46.9, 46.96, 46.96, 46.56, 46.9, 45.67, 43.09, 42.95, 40.38, 40.3, 39.36, 38.34, 38.11, 37.53],
    [37.37, 38.25, 37.56, 37.06, 37.9, 37.73, 37.68, 39.06, 40.63, 41.92, 43.13, 43.92, 45.01, 45.88, 46.81, 45.71, 45.42, 44.71, 44.77, 45.83, 45.77, 45.68, 45.86, 45.86],
    [45.86, 45.2, 45.51, 44.71, 44.77, 44.07, 44.07, 44.86, 44.07, 44.07, 44.07, 44.86, 44.07, 44.86, 44.07, 43.67, 42.97, 42.97, 42.91, 42.04, 41.06, 42.12, 42.12, 42.21],
    [42.21, 41.59, 42.12, 41.76, 41.81, 42.21, 42.91, 42.95, 42.91, 42.91, 42.91, 41.81, 42.12, 41.89, 40.97, 40.21, 40.21, 40.91, 40.82, 40.54, 40.91, 41.62, 40.77, 40.68],
    [39.53, 37.79, 37.53, 36.74, 37.3, 36.74, 36.59, 36.83, 37.53, 38.68, 39.98, 41.36, 42.91, 42.95, 42.77, 41.67, 40.82, 40.74, 40.65, 40.9, 40.97, 41.06, 40.97, 40.82],
    [39.88, 39.02, 38.97, 39.02, 39.11, 40.11, 40.26, 41.03, 41.81, 42.97, 43.76, 44.15, 44.07, 44.04, 44.86, 44.07, 44.21, 44.91, 44.91, 44.95, 44.91, 45.86, 45.56, 44.86],
    [44.91, 44.55, 44.91, 44.91, 44.8, 44.01, 43.62, 42.95, 42.91, 42.91, 42.97, 44.07, 44.01, 43.83, 43.62, 43.65, 42.91, 42.91, 42.91, 42.95, 42.91, 42.91, 42.97, 42.97],
    [43.06, 43.31, 42.91, 42.91, 42.91, 42.91, 42.91, 42.95, 42.91, 42.91, 42.91, 42.91, 42.21, 42.09, 42.86, 42.91, 43.06, 44.07, 43.76, 44.04, 44.07, 44.07, 44.07, 44.15],
    [44.15, 43.84, 42.54, 41.81, 43.31, 42.69, 42.86, 43.71, 43.62, 43.62, 43.76, 44.92, 45.01, 44.92, 43.53, 41.81, 41.81, 42.21, 42.91, 43.03, 43.76, 42.97, 42.97, 42.97],
    [42.97, 42.44, 43.76, 43.62, 42.91, 41.76, 41.85, 42.12, 42.21, 42.21, 42.91, 42.86, 42, 42.09, 42.15, 42.77, 41.76, 40.91, 41.47, 40.8, 40.71, 40.57, 40.71, 40.49],
    [39.7, 39.24, 39.56, 39.62, 39, 38.86, 37.85, 36.99, 36.29, 36.14, 36.85, 37, 37.7, 37.83, 36.91, 36.7, 36.62, 36.82, 36.82, 36.45, 36.82, 36.81, 36.11, 36.08],
    [36.17, 37.33, 36.81, 37.87, 37.92, 37.31, 38.66, 38.77, 37.81, 38.57, 39.02, 39.81, 40.12, 40.52, 40.82, 40.12, 39.81, 39.9, 39.9, 39.53, 39.9, 39.2, 40.21, 39.9],
    [39.11, 38.75, 38.26, 38.97, 39.67, 38.97, 38.97, 38.16, 37.96, 37.87, 37.11, 37.11, 37.02, 36.01, 36.23, 36.23, 36.93, 36.18, 36.18, 36.57, 37.06, 36.35, 36.2, 37.06],
    [36.97, 36.19, 37.06, 37.06, 37.06, 37.06, 37.06, 36.21, 36.11, 36.02, 36.82, 35.97, 35.3, 34.94, 34.14, 34.2, 33.26, 32.96, 32.9, 32.91, 32.36, 32, 32.06, 32.14],
    [32.14, 31.83, 32.06, 32.06, 31.04, 30.96, 30.96, 30.97, 30.17, 30.9, 30.81, 30.81, 30.81, 30.89, 30.76, 30.06, 30.06, 30.06, 30, 29.95, 29.21, 29.21, 29.91, 29.97],
    [30, 28.13, 28.9, 28.9, 28.9, 28.2, 28.06, 28.03, 28.11, 28.11, 28.11, 28.06, 27.9, 27.94, 27.11, 27.06, 25.96, 25.9, 25.11, 25.03, 25.06, 23.96, 23.9, 23.11],
    [23.11, 22.49, 23.81, 23.81, 23.06, 23.06, 23.06, 23.03, 23.06, 23.06, 23.06, 23.06, 23.06, 23.03, 22.21, 22.21, 22.21, 22.21, 21.9, 21.94, 21.85, 21.06, 21.06, 20.75],
    [20.3, 18.13, 19.99, 19.9, 19.85, 19.76, 19.76, 19.03, 18.76, 16.9, 17.21, 17.26, 17.91, 17.57, 16.81, 15.66, 13.98, 13.13, 11.98, 11.43, 10.94, 10.8, 10.71, 10.18],
    [10.89, 10.13, 10.52, 10.44, 10.38, 9.68, 9.37, 9.58, 8.83, 9.54, 10.13, 10.89, 11.89, 12.3, 11.59, 11.36, 10.66, 9.82, 9.12, 8.89, 9.73, 9.73, 8.63, 7.26],
    [7.17, 10.35, 8.98, 10.13, 10.13, 10.9, 11.75, 12.5, 13.9, 15.21, 15.35, 16.2, 17.97, 18.86, 19.67, 20.82, 22.59, 25.33, 26.8, 26.26, 26.1, 26.1, 25.34, 24.19],
    [23.25, 23.85, 22.37, 22.32, 22.26, 22.26, 22.37, 22.63, 23.22, 24.37, 25.17, 26.01, 26.01, 26.16, 26.32, 27.26, 28.11, 28.28, 28.42, 29.04, 29.82, 30.13, 30.96, 30.96],
    [31.26, 30.49, 30.47, 31.09, 30.02, 29.99, 30.88, 30.56, 30.64, 30.33, 30.64, 30.19, 29.64, 29.89, 29.28, 27.64, 28.65, 27.64, 26.55, 28.23, 25.19, 27.79, 27.57, 27.63],
    [27.66, 27.97, 27.35, 27.39, 26.14, 25.24, 24.14, 23.54, 22.06, 22, 22.67, 23.07, 23.3, 22.63, 22.32, 21.92, 21.85, 21.99, 21.96, 21.89, 22.6, 23.7, 24.15, 24.91],
    [26.01, 25.29, 26.36, 26.13, 26.8, 25.79, 23.99, 23.26, 22.44, 21.9, 22.34, 22.52, 22.52, 22.41, 21.73, 20.35, 19.31, 19.37, 20.04, 20.82, 19.85, 19.7, 19.56, 19.32],
    [18.7, 19.99, 17.35, 16.22, 14.73, 13.99, 13.71, 14.93, 12.9, 13.69, 15.23, 17.52, 18.94, 22.58, 22.65, 21.11, 21.65, 21.65, 21.99, 21.38, 24.55, 26.07, 26.13, 28.38],
    [28.37, 28.8, 29.45, 27.82, 26.65, 26.91, 26.26, 25.75, 25.55, 26.97, 27.64, 28.48, 28.5, 27.81, 27.76, 25.96, 25.96, 26.26, 25.81, 25.06, 25.11, 25.81, 25.87, 24.1],
    [24.97, 24.66, 24.04, 24.26, 24.21, 24.97, 25.06, 26.04, 25.96, 26.26, 26.21, 26.97, 26.97, 27.03, 27.06, 27.06, 27.06, 27.06, 27.06, 27.03, 26.15, 26.15, 26.15, 26.15],
    [26.15, 24.76, 26.15, 25.14, 25.14, 25.74, 24.97, 23.94, 23.76, 23.76, 23.06, 22.97, 23.06, 22.98, 22.76, 22.6, 21.81, 21.76, 20.52, 20.68, 19.76, 19.76, 19.76, 18.9],
    [18.73, 18.74, 17.82, 17.91, 17.91, 18, 17.97, 17.77, 17.52, 17.82, 18.22, 17.57, 17.66, 18.84, 18.73, 19.67, 19.06, 19.76, 19.76, 20.04, 20.52, 20.91, 20.91, 20.52],
    [20.52, 21.46, 19.06, 18.9, 18.9, 19.06, 19.06, 19.85, 19, 19, 21.47, 20.11, 19.38, 20.9, 13.94, 15.94, 20.77, 22.28, 24.37, 26.79, 27.28, 29.28, 29.97, 29.97],
    [29.88, 29.8, 29.93, 30.02, 30.81, 30.81, 31.12, 31.16, 31.26, 32.11, 33.12, 33.12, 32.11, 31.95, 32.06, 32.06, 32.06, 32.06, 32.11, 32.89, 32.76, 33.12, 33.21, 33.26],
    [33.21, 33.21, 33.21, 32.81, 32.81, 32.81, 32.81, 32.98, 32.97, 32.9, 33.21, 32.9, 33.21, 32.86, 32.9, 32.9, 33.26, 33.26, 33.26, 33.16, 33.12, 33.21, 33.77, 33.21],
    [33.26, 32.65, 33.26, 33.21, 33.07, 32.76, 32.76, 32.03, 32.76, 32.06, 32.11, 32.9, 32.81, 32.89, 32.11, 32.11, 32.06, 31.97, 31.97, 31.95, 31.21, 31.21, 31.12, 30.81],
    [30.81, 30.45, 30.06, 29.97, 29.97, 29.21, 29.21, 29.07, 28.9, 29.21, 28.9, 28.9, 28.9, 28.94, 28.9, 28.9, 29.6, 29.6, 29.21, 29.12, 28.9, 28.14, 28.11, 28.11],
    [28.11, 27.96, 28.17, 28.11, 28.11, 28.11, 28.2, 28.94, 28.96, 28.96, 30.73, 30.76, 30.76, 30.03, 30, 29.91, 29.21, 28.9, 28.2, 28.08, 28.06, 27.9, 27.2, 27.9],
    [27.81, 27.91, 27.76, 27.06, 27.06, 26.75, 26.26, 26.98, 26.97, 27.67, 27.67, 27.91, 27.91, 28, 28.7, 28.06, 28.76, 29.07, 29.07, 28.81, 28.62, 28.62, 28.62, 28.62],
    [27.91, 27.45, 27.76, 26.91, 26.91, 26.21, 26.21, 25.94, 25.9, 25.9, 25.9, 25.9, 25.9, 25.97, 25.96, 25.9, 25.9, 25.14, 25.06, 25.03, 23.96, 23.96, 24.66, 24.66],
    [24.66, 25.36, 25.76, 25.9, 26.97, 26.91, 26.77, 25.86, 26.97, 27.73, 27.73, 27.73, 27.02, 27.81, 26.64, 25.9, 25.2, 25.25, 25.06, 25.45, 25.81, 27.78, 28.02, 28.02],
    [27.02, 26.77, 26.37, 26.68, 27.75, 27.78, 27.78, 27.98, 27.82, 27.58, 26.88, 26.18, 26.18, 26.93, 26.88, 26.97, 26.18, 26.18, 26.12, 25.89, 25.76, 24.97, 24.26, 24.26],
    [24.97, 25.43, 24.97, 25.11, 25.17, 26.26, 26.26, 27.01, 27.11, 27.02, 27.18, 27.23, 28.02, 27.98, 27.97, 27.97, 27.97, 27.97, 27.97, 28.01, 28.02, 28.02, 28.08, 28.08],
    [28.17, 27.84, 29.23, 29.46, 30.17, 30.9, 30.9, 30.12, 30.06, 30.2, 31.21, 30.9, 30.2, 30.12, 29.04, 28.04, 26.35, 25.2, 24.97, 24.12, 24.91, 25, 25.7, 25.47],
    [25.33, 26.94, 26.09, 26.07, 26.91, 27.81, 29.37, 31.19, 33.26, 34.02, 34.81, 35.12, 35.12, 35.07, 34.87, 35.18, 35.88, 36.5, 36.67, 34.86, 33.21, 34.06, 35.15, 35.21],
    [35.91, 33.9, 35.97, 35.91, 36.06, 35.91, 35.21, 35.12, 35.21, 35.21, 34.06, 34.06, 33.91, 33.95, 32.76, 32, 31.91, 31.86, 30.54, 29.77, 27.81, 27.67, 25.81, 25.06],
    [24.6, 22.35, 23.62, 22.91, 22.86, 22.07, 22.77, 22.86, 25.87, 26.15, 27.21, 28.06, 28.06, 28.48, 28.14, 28.06, 27.9, 27.06, 26.91, 26.48, 23.67, 23.19, 22.54, 22.99],
    [23.02, 25.58, 23.9, 25.49, 27.31, 29.07, 31.93, 32.9, 34.08, 33.97, 33.97, 34.76, 35.21, 35.21, 36.06, 35.97, 35.97, 35.97, 36.06, 36.03, 36.21, 36.91, 37, 37.76],
    [37.76, 37.69, 37.7, 37, 37.06, 37.06, 37.06, 37.91, 37.76, 37.76, 37.06, 37.76, 37.76, 37.86, 37.7, 37.85, 38, 37.85, 38.15, 38.09, 38.21, 38.15, 37.76, 36.91],
